17
29
25 6 6 21 32 19 31 21 33 11 13 16 22 10 14 19 27 5 11 25 15 29 26 20 8 30 25 29 8 
1 7 10 9 9 4 1 10 7 4 5 3 6 2 5 3 3 6 6 9 3 10 4 8 8 7 8 4 10 
27
33 27 21 31 18 27 8 14 30 18 28 32 27 14 18 34 10 20 19 15 28 5 15 9 17 27 25 
8 7 8 5 10 2 1 7 2 6 5 6 2 5 6 9 9 2 9 10 7 2 7 6 3 2 1 
21
34 9 23 7 8 20 16 20 6 14 30 14 21 8 24 13 26 13 10 12 29 
4 10 4 2 4 6 6 1 2 4 4 2 9 7 2 4 6 5 7 10 6 
12
13 6 28 15 8 5 31 19 10 19 32 16 
1 1 1 5 1 7 5 7 10 8 9 1 
18
16 21 21 9 10 24 21 27 17 24 32 33 30 16 12 31 21 31 
4 10 8 8 8 9 10 5 10 6 3 8 2 6 8 8 9 8 
21
28 34 16 29 7 17 15 13 31 34 28 19 9 8 23 8 19 11 13 16 11 
8 10 9 3 1 9 10 6 2 4 8 1 1 1 7 3 1 10 4 1 5 
14
26 19 13 34 9 29 22 30 19 18 10 8 10 27 
3 6 3 10 10 5 5 6 7 5 1 5 9 3 
16
9 27 22 7 33 6 8 18 34 13 20 32 18 14 30 29 
3 2 1 10 5 4 6 8 9 4 6 9 7 8 4 8 
10
17 15 23 10 11 6 11 16 8 32 
5 10 7 9 8 2 10 6 9 8 
14
31 10 5 16 31 17 13 12 20 19 14 26 12 24 
10 5 2 10 4 4 10 7 10 8 6 9 1 10 
26
10 28 9 11 28 14 22 8 9 27 34 7 18 29 5 26 28 32 15 5 28 17 34 28 22 15 
1 9 1 10 7 9 7 5 10 2 4 7 5 9 6 3 7 4 9 9 4 7 5 7 1 3 
18
33 10 14 22 29 28 21 32 8 32 22 11 28 20 15 14 32 6 
10 1 8 7 5 6 7 10 6 5 4 9 2 6 4 3 6 4 
14
28 18 13 7 19 23 30 25 29 28 16 18 6 15 
4 5 7 6 1 4 6 4 7 8 8 8 7 1 
19
6 30 28 18 12 16 26 34 31 12 25 25 29 23 30 33 11 9 21 
9 7 10 5 10 1 1 2 5 3 4 6 9 1 8 5 3 3 9 
26
9 30 16 14 32 20 24 25 13 34 16 12 18 8 25 13 15 19 15 27 13 27 20 12 25 21 
7 5 2 9 7 1 4 2 5 9 8 1 5 2 5 9 8 7 9 7 1 2 3 3 1 1 
10
26 5 24 22 9 19 10 31 13 12 
9 3 2 7 7 3 1 4 7 10 
12
20 33 8 10 19 13 26 28 26 13 11 24 
3 1 9 2 6 5 2 9 8 3 3 7 
