20
16
30
2 20 8 3 16 8 6 18 5 6 4 7 16 9 17 2 
55 102 177 165 159 167 151 171 57 184 98 116 81 61 39 136 
18
9
1 1 1 1 1 1 1 1 1 1 1 1 1 1 1 1 1 1 
129 114 98 110 194 111 165 9 108 117 109 3 91 113 181 127 181 106 
27
29
8 14 4 2 19 3 4 12 17 4 5 9 19 3 7 13 5 4 17 18 6 8 6 13 7 2 3 
49 49 134 50 1 9 115 95 194 180 82 169 18 30 137 155 14 107 108 123 140 101 109 16 66 135 181 
14
20
10 8 6 1 9 6 2 4 10 1 4 10 6 2 
38 37 190 145 104 97 164 57 177 86 192 141 136 173 
18
35
11 7 8 22 3 15 8 12 25 2 5 7 23 11 2 21 8 12 
13 173 139 93 165 55 173 78 36 50 168 35 17 128 175 165 8 62 
23
2
5 4 2 5 4 3 4 1 8 6 7 6 3 5 4 8 6 6 8 2 1 4 7 
194 189 157 39 123 136 54 167 98 153 10 7 131 148 43 153 188 24 112 33 114 199 127 
15
1
6 6 8 9 5 5 8 8 9 3 8 2 9 8 3 
24 24 84 150 82 113 53 66 126 93 40 24 178 131 70 
30
1
5 7 1 4 7 4 1 1 2 9 2 1 6 2 1 2 7 4 3 9 8 6 4 3 6 5 4 4 6 2 
37 2 63 61 54 135 36 77 120 101 83 115 143 64 41 20 1 65 138 199 123 4 169 149 30 188 18 11 195 107 
39
36
25 8 24 12 24 1 16 6 6 1 12 20 2 22 22 8 14 26 25 25 11 18 2 14 13 11 13 7 1 26 7 23 10 1 14 9 22 1 2 
164 119 167 155 20 153 84 18 120 168 99 27 36 130 130 173 172 127 145 30 25 31 31 60 92 166 157 6 177 44 48 174 160 34 187 58 41 178 108 
14
38
26 21 6 13 20 2 22 17 13 13 24 1 27 23 
89 60 51 49 93 108 43 136 192 161 116 153 162 40 
21
36
13 15 12 20 8 17 19 18 11 21 18 9 25 19 22 15 22 20 20 24 2 
23 96 54 131 64 198 169 117 57 78 98 134 63 14 103 30 21 73 75 186 77 
39
33
17 21 14 16 9 10 10 10 7 1 13 5 2 13 18 11 19 1 20 10 12 4 14 14 10 11 1 12 20 16 1 13 13 9 22 10 22 21 4 
180 58 159 93 7 188 95 183 103 143 124 131 165 195 111 51 129 62 32 118 43 13 140 192 102 125 70 64 49 19 89 95 192 32 172 78 171 106 71 
25
24
11 9 9 1 1 9 8 2 9 12 12 5 2 5 6 2 9 11 13 6 1 9 7 14 3 
121 164 21 144 116 21 94 64 25 193 51 172 94 70 19 52 77 157 32 148 88 31 80 34 111 
30
39
21 22 8 10 26 11 23 6 8 14 9 18 22 4 12 24 10 7 3 15 1 3 25 21 5 6 20 8 2 18 
148 198 78 2 199 85 75 126 124 191 184 47 160 157 193 192 32 182 121 10 141 157 186 4 149 97 118 67 188 67 
36
21
1 4 6 2 4 2 11 4 3 8 4 4 3 7 11 3 6 8 1 9 11 9 11 9 9 3 7 2 4 11 8 1 8 3 8 8 
125 149 182 140 133 93 138 153 169 28 89 74 33 134 48 109 154 176 64 77 102 110 172 108 142 94 10 25 37 29 126 51 175 73 148 165 
23
37
23 17 11 3 22 7 24 17 15 27 1 4 6 17 24 22 13 26 2 14 11 21 12 
54 134 26 64 134 65 85 39 55 160 152 95 27 32 69 66 65 75 54 180 91 36 144 
38
31
17 18 19 3 9 21 21 1 1 14 3 21 14 11 11 15 11 18 8 17 11 2 8 6 1 19 10 10 11 18 6 6 12 10 11 13 3 3 
182 49 196 20 23 7 115 192 170 22 113 110 138 187 14 195 118 17 9 93 75 102 104 134 45 165 192 137 138 141 31 84 143 19 168 198 135 51 
19
33
17 18 9 9 3 22 14 22 23 14 1 23 8 2 23 12 4 7 17 
90 69 128 89 175 84 80 76 188 165 192 36 14 175 89 181 179 114 194 
33
33
5 18 11 13 9 15 9 23 18 4 1 8 6 10 9 1 19 3 19 11 4 2 22 11 13 18 11 19 18 22 21 1 18 
21 99 153 156 57 54 45 43 86 118 145 77 88 118 33 180 91 104 82 31 90 117 86 149 200 133 157 56 51 32 150 136 109 
27
16
2 1 5 2 2 1 1 1 4 3 5 2 2 3 4 2 2 4 6 6 5 5 6 1 2 4 6 
43 31 92 117 52 1 140 112 88 94 54 106 54 171 88 138 181 124 178 86 38 15 155 28 24 172 83 
