334 4
408 458
242 433
346 211
458 246
216 485
474 7
206 422
410 137
90 498
141 244
260 276
459 89
400 403
212 161
165 366
113 310
225 31
176 268
329 275
147 126
479 190
458 99
468 303
102 38
323 81
84 88
143 232
73 160
96 89
446 24
237 284
340 140
148 117
198 75
490 1
142 352
425 221
212 281
295 163
0 46
461 104
471 433
28 401
317 166
226 210
302 480
465 268
25 149
7 410
108 379
73 7
309 279
446 290
488 26
390 385
486 409
416 22
393 158
467 319
78 437
380 353
208 244
441 468
417 445
28 324
57 415
403 247
253 20
130 93
122 482
2 384
174 169
29 9
332 283
325 354
175 365
109 322
443 166
70 94
36 233
434 290
86 24
151 3
82 442
494 310
69 204
422 169
490 120
298 416
386 237
9 170
237 99
162 369
408 470
67 228
369 437
306 348
355 185
229 125
103 10
481 265
174 353
22 121
252 82
226 311
240 356
240 335
92 347
410 462
356 325
460 13
178 40
187 362
340 55
398 59
434 103
428 70
133 300
450 184
357 168
166 246
234 79
317 214
304 268
225 322
424 271
17 156
189 247
85 304
209 198
461 355
389 234
169 17
262 22
203 98
400 14
172 221
291 59
12 233
209 118
335 311
107 451
159 271
367 89
364 434
177 281
498 392
289 134
167 347
497 171
284 276
483 11
259 184
493 52
17 225
378 375
201 46
284 258
46 497
448 87
121 192
386 416
438 382
422 24
75 282
125 270
45 120
172 75
336 335
234 220
461 283
84 73
210 359
186 151
148 74
368 89
379 198
58 89
483 101
115 488
247 227
92 251
347 208
76 148
273 18
67 138
391 401
407 236
374 495
398 499
19 74
334 126
55 360
306 189
420 193
130 293
426 339
388 188
129 142
3 459
69 365
396 16
59 105
359 217
206 484
160 114
254 437
59 326
296 462
57 251
306 366
301 36
88 184
466 94
411 360
265 231
449 384
244 207
334 285
492 87
377 236
296 411
225 131
456 342
374 309
433 213
283 428
361 68
102 352
57 324
222 200
409 10
71 140
25 470
127 167
325 211
451 446
18 482
153 260
206 278
61 151
368 423
266 287
118 266
31 342
51 403
401 496
24 64
482 71
465 242
394 306
384 477
225 221
389 24
33 493
0 101
486 189
187 334
19 380
44 29
331 137
222 38
368 251
363 454
194 139
217 62
135 90
159 296
118 155
95 445
174 96
493 232
240 72
334 110
47 313
186 282
190 403
431 267
356 229
484 32
148 214
17 379
431 7
147 373
50 19
206 256
194 402
76 419
343 466
337 18
237 187
257 473
457 323
426 342
103 98
147 137
175 190
220 48
173 108
115 131
65 337
111 378
259 344
414 128
12 417
380 235
449 7
9 341
407 493
39 352
432 322
386 170
339 101
72 334
262 315
301 91
136 81
121 138
345 184
371 158
354 256
498 76
428 107
162 79
245 493
258 365
240 465
199 286
97 5
131 141
445 343
139 225
466 171
402 5
238 288
351 23
441 495
348 302
157 121
208 10
102 83
422 248
437 155
92 398
331 137
150 244
14 45
142 332
116 243
200 87
272 82
226 68
273 93
438 240
468 48
107 143
38 43
224 118
278 388
303 209
160 449
197 364
305 299
254 468
413 381
420 167
55 96
371 124
243 228
432 199
238 451
322 313
41 297
245 159
295 456
76 216
321 341
460 92
467 354
191 446
273 421
318 134
77 421
363 48
206 59
310 91
118 496
286 77
64 21
450 229
65 55
161 171
484 197
247 429
459 290
369 370
112 379
270 87
36 285
318 219
447 426
207 235
340 214
435 86
182 340
358 367
11 142
237 313
48 117
21 246
18 288
11 367
471 219
272 463
279 443
88 310
409 153
113 91
217 397
245 178
436 324
176 211
66 307
291 479
306 381
295 360
226 90
274 322
389 158
439 141
127 289
493 248
0 280
134 29
67 473
88 50
60 66
195 346
276 440
280 456
208 485
5 458
445 42
86 179
262 322
472 106
15 242
124 254
20 28
231 54
25 470
179 124
416 35
292 459
163 63
396 361
173 177
171 370
347 318
379 100
451 361
227 17
387 126
43 36
234 331
19 353
300 480
168 112
96 217
35 414
363 498
335 297
42 118
201 329
146 160
285 312
243 65
180 211
35 294
312 129
297 146
200 212
150 391
437 213
82 50
40 449
54 163
28 429
89 450
122 481
140 442
475 329
122 248
391 360
28 464
232 22
329 38
92 363
142 263
142 456
92 149
78 242
462 44
376 141
245 34
47 110
400 70
323 388
233 133
307 79
245 421
107 298
343 125
136 411
352 184
177 357
197 149
275 345
354 260
88 376
406 411
244 139
79 315
203 284
379 195
229 357
379 85
208 262
82 441
392 100
473 75
401 223
470 332
373 183
347 227
301 102
93 103
333 169
104 49
32 338
328 360
113 357
396 137
81 9
182 0
308 81
240 454
481 118
106 265
5 124
296 461
162 44
57 388
286 404
483 208
389 357
277 499
499 384
346 391
236 428
208 232
416 183
398 211
482 131
265 392
386 175
173 42
318 486
478 149
463 491
37 60
396 478
312 432
47 113
357 497
190 395
419 351
367 337
305 260
44 142
36 177
354 448
226 186
420 431
428 93
75 182
92 473
407 56
24 499
269 165
295 165
462 345
3 219
434 152
331 155
239 286
433 32
399 269
16 369
321 444
176 306
491 442
326 379
16 8
354 452
100 496
146 245
42 471
77 179
45 375
423 474
410 492
367 85
331 63
378 239
145 345
454 123
127 303
227 78
316 274
212 491
257 41
401 344
421 452
416 327
444 395
306 471
175 443
243 376
344 169
265 472
20 13
384 96
91 8
22 434
374 281
433 336
416 304
401 473
326 65
260 135
263 8
319 389
312 80
327 1
291 329
99 344
42 280
252 457
38 174
91 144
25 18
281 352
69 235
493 442
490 73
9 363
253 185
42 108
178 439
382 164
71 195
459 464
42 343
341 422
282 324
286 270
304 496
449 421
59 419
373 158
381 229
224 183
288 2
136 108
61 471
28 90
474 292
122 38
126 82
292 155
21 123
40 173
57 448
56 340
156 355
282 361
202 112
464 19
322 177
72 432
252 260
386 217
210 52
22 340
132 204
475 304
272 375
96 314
290 201
187 390
174 409
467 123
163 59
378 207
468 135
366 191
317 75
467 167
40 314
294 8
369 442
424 465
207 59
278 19
319 72
280 333
354 125
60 384
206 162
344 336
457 143
78 358
286 12
443 274
112 291
226 248
148 15
331 415
349 28
151 146
430 133
9 347
288 188
165 380
12 304
173 208
107 407
349 10
428 190
487 128
194 138
114 362
287 472
351 448
76 41
394 418
142 15
242 358
151 154
271 447
265 394
98 272
120 239
362 251
15 450
358 459
441 116
31 452
336 313
300 5
150 267
195 390
442 106
469 476
277 22
373 22
117 95
17 33
53 128
113 89
323 228
316 21
95 428
397 485
316 133
422 315
224 245
91 220
127 51
148 292
116 164
279 67
28 364
289 137
386 470
375 61
95 179
282 245
14 115
174 297
55 249
158 249
498 460
392 395
193 54
430 346
205 94
342 487
353 180
166 450
111 32
267 69
313 251
335 279
215 161
140 484
277 268
107 430
132 499
225 199
104 75
360 393
236 498
493 411
257 280
97 86
448 491
418 350
263 417
19 487
30 457
114 46
282 90
333 164
65 359
255 52
131 96
177 407
217 204
208 137
372 192
224 75
396 430
34 473
130 173
38 181
178 0
461 47
337 373
24 6
162 444
232 438
479 360
49 75
79 145
240 263
102 199
354 196
148 74
137 336
137 270
257 157
269 461
124 347
411 259
333 155
371 65
447 173
125 397
340 497
340 232
224 447
50 109
216 409
444 54
58 441
282 289
3 391
493 421
323 210
280 488
108 101
296 175
237 173
279 31
307 62
134 446
232 255
94 292
472 390
412 375
138 119
259 493
265 111
431 99
358 196
420 289
87 11
357 97
480 187
389 308
437 300
218 479
25 278
344 333
245 299
104 217
64 498
270 11
494 457
283 88
74 197
311 378
476 465
398 332
406 293
409 97
343 496
236 394
298 208
381 383
284 244
351 399
336 377
481 191
498 321
333 155
126 206
168 66
138 99
310 287
19 404
25 261
367 382
147 128
363 337
57 344
68 13
411 149
195 50
368 404
353 44
288 477
214 313
445 117
98 425
178 243
133 265
163 217
247 407
336 60
344 21
228 412
237 414
390 69
264 444
73 314
492 180
405 102
83 140
132 125
110 475
402 387
342 218
249 108
147 465
272 443
142 484
181 272
323 167
17 432
175 87
43 379
78 467
132 485
56 477
154 167
56 194
270 84
318 441
448 132
193 170
41 437
236 478
14 436
359 476
103 389
372 303
425 272
167 123
465 491
269 146
206 386
48 276
422 34
311 208
427 281
407 348
120 109
115 159
289 367
268 262
154 262
380 17
104 232
280 354
56 123
367 297
222 140
89 98
385 148
351 93
324 268
273 45
68 131
382 479
39 126
134 123
220 15
230 251
4 16
328 274
177 294
109 184
368 117
379 289
40 211
10 35
277 365
433 251
335 388
417 490
67 260
6 144
474 253
35 362
248 143
187 21
451 20
495 426
317 494
278 119
387 378
170 306
163 367
461 176
255 368
144 76
183 74
91 394
280 220
485 270
466 419
393 374
123 296
373 171
477 239
111 150
314 18
29 9
130 59
356 243
213 466
300 454
125 431
293 351
14 335
50 264
288 140
179 133
57 186
404 203
492 75
93 352
25 335
362 314
294 52
315 324
53 487
432 170
210 452
445 481
244 391
474 194
315 199
169 10
469 467
256 102
278 19
404 415
148 208
186 292
238 447
193 7
167 375
400 374
418 281
270 463
121 355
115 246
419 172
217 469
231 251
443 48
182 342
384 242
126 425
132 7
88 135
42 364
334 213
341 44
269 317
492 425
454 68
111 202
440 230
305 422
30 361
27 89
129 109
302 452
328 147
108 195
434 229
75 147
187 261
470 226
19 288
192 478
99 277
410 180
222 266
412 229
479 226
343 301
207 139
121 383
438 210
334 121
373 205
234 56
283 420
315 99
159 375
413 184
336 139
466 395
76 231
142 198
6 181
343 396
276 45
466 318
296 321
343 147
201 490
53 79
223 194
413 370
151 86
163 50
297 450
121 126
355 102
28 157
195 471
488 382
200 195
156 257
325 365
442 238
21 73
332 312
270 66
415 385
493 417
306 68
233 377
454 487
379 343
297 346
446 248
281 404
78 248
171 148
339 365
251 423
139 429
494 140
267 321
481 283
385 422
439 410
250 300
394 189
436 209
142 222
350 35
307 132
247 353
187 423
0 218
7 364
93 95
159 357
481 490
83 304
301 380
317 232
338 437
144 276
318 248
377 455
281 264
228 108
48 217
77 463
129 264
149 486
464 362
411 281
497 442
42 288
180 161
161 407
110 445
220 160
356 34
16 435
69 8
450 470
18 73
336 130
94 178
1 350
496 47
191 370
287 452
417 139
233 358
45 253
493 91
450 13
315 356
267 264
327 15
224 156
8 140
461 433
186 117
164 115
8 258
438 70
175 206
385 129
141 318
315 307
109 313
475 411
463 105
496 228
358 172
347 468
65 199
70 436
319 304
49 468
22 322
252 307
373 25
361 58
52 485
171 322
124 459
210 263
340 118
269 361
284 240
194 276
240 286
481 80
219 176
76 235
292 163
126 459
212 143
109 131
190 25
44 228
399 18
384 3
454 334
78 381
343 155
149 315
54 460
206 323
271 272
318 303
311 195
282 117
378 200
205 346
174 124
257 211
74 118
71 204
49 175
73 219
432 492
177 117
335 305
183 39
247 309
50 392
111 83
107 284
137 439
2 36
434 262
333 169
481 258
89 39
372 53
104 59
263 467
53 82
307 430
246 118
467 142
164 90
424 290
142 254
218 317
163 402
96 176
217 148
36 419
102 206
176 477
214 228
204 205
329 174
37 235
459 366
442 268
328 281
485 298
129 230
360 125
432 438
329 161
323 478
274 380
316 310
449 407
340 76
243 470
405 457
491 107
8 302
233 91
291 449
268 115
3 132
497 368
330 10
233 234
151 173
352 402
253 216
379 130
113 94
451 201
458 59
207 227
83 430
92 154
76 178
479 274
93 364
411 118
420 313
447 471
3 192
278 80
441 191
461 191
361 331
290 443
475 244
158 299
495 469
319 177
56 116
367 331
458 278
203 426
114 106
81 203
237 211
448 455
290 298
125 158
72 441
70 183
221 304
88 50
253 285
138 218
341 279
344 365
14 407
165 449
101 483
13 55
244 390
110 207
454 471
105 353
431 369
259 14
74 399
245 0
24 297
89 311
393 211
129 444
445 301
405 250
111 439
324 406
41 337
399 119
432 437
338 395
281 471
143 472
156 22
308 390
208 69
367 328
484 361
412 234
60 157
187 34
459 462
98 429
71 340
305 455
233 292
228 154
162 356
161 196
435 495
34 288
329 418
253 318
161 471
115 349
326 459
90 412
266 176
191 52
242 207
434 281
212 196
486 63
275 310
336 2
190 476
343 249
376 70
183 468
52 387
167 233
211 336
351 405
166 305
426 226
354 158
247 406
1 409
258 41
15 338
349 116
441 219
463 390
264 6
177 107
329 247
232 51
40 166
326 172
138 369
364 427
404 166
359 481
312 23
226 32
206 429
232 363
92 46
54 47
302 422
143 7
440 365
209 294
368 11
223 246
207 256
69 425
83 345
204 292
402 462
275 42
369 482
101 18
287 375
84 382
28 195
340 7
450 44
236 211
411 414
102 335
439 186
341 473
475 100
368 339
70 18
293 293
415 184
495 491
287 460
452 318
376 415
417 428
431 491
487 38
314 366
410 322
216 175
484 390
129 16
292 191
161 12
440 337
452 101
272 298
360 152
63 261
474 159
106 193
33 212
339 302
148 77
484 428
230 376
270 13
252 123
304 396
365 130
75 447
285 48
442 436
316 367
361 448
376 452
295 367
418 310
136 360
181 238
244 48
216 3
242 405
16 171
48 69
152 393
100 222
377 325
102 469
353 121
490 370
68 265
456 458
129 489
30 19
73 453
462 255
454 105
181 220
450 122
360 39
302 190
345 484
388 143
3 404
370 30
61 8
462 285
449 309
183 17
105 380
485 78
334 492
72 99
335 334
349 158
355 237
369 167
183 378
138 468
483 157
384 238
496 401
164 454
485 476
211 494
484 335
164 149
104 76
207 195
224 416
365 174
342 40
27 146
453 6
144 443
497 482
185 293
413 346
176 355
165 120
353 388
260 31
359 186
475 35
305 207
68 158
151 14
481 427
188 473
1 332
349 196
156 108
416 307
169 198
229 92
441 309
365 463
261 408
477 425
164 232
397 10
394 275
445 470
248 323
110 98
173 4
358 304
121 106
222 456
124 302
180 413
385 18
476 351
51 395
354 50
311 475
52 383
163 8
26 318
43 488
99 68
18 265
470 289
476 218
333 17
409 258
116 122
420 132
297 249
233 248
486 193
176 446
388 368
375 120
255 50
117 125
234 495
125 79
181 196
156 328
20 96
90 493
249 131
128 174
448 451
113 174
66 471
138 230
332 140
462 400
230 338
76 346
212 91
47 239
147 445
219 229
99 170
37 155
23 140
171 273
362 355
229 246
249 446
163 326
357 171
396 160
474 106
142 369
468 168
79 489
185 477
303 121
467 12
287 454
43 261
334 269
282 151
394 452
47 399
101 99
246 301
152 199
404 190
196 351
18 334
15 400
74 410
241 307
63 492
220 352
72 358
21 373
264 133
388 410
473 59
193 328
363 434
140 413
166 446
433 59
458 65
389 301
22 118
377 36
371 316
344 105
339 207
23 206
409 459
495 427
430 404
495 463
80 342
74 151
302 375
439 467
161 169
3 43
398 151
283 427
456 19
10 458
462 373
486 27
92 87
234 401
250 328
218 329
118 94
371 89
280 263
416 119
42 286
94 271
265 11
310 9
389 236
236 214
295 26
136 468
305 304
398 185
230 438
196 389
472 356
183 122
262 7
189 272
98 120
205 116
347 181
236 217
358 205
344 434
46 128
394 375
317 301
211 458
289 93
343 283
451 165
201 243
110 96
434 54
135 12
314 3
65 93
151 128
327 189
91 434
189 85
460 426
171 264
437 157
79 335
0 293
173 85
86 128
344 88
447 232
240 96
167 148
265 162
72 226
37 356
5 357
58 255
494 245
491 280
76 241
145 151
55 68
36 49
199 316
374 137
412 251
38 342
285 254
226 254
99 98
343 170
117 68
449 440
167 61
481 1
364 195
261 281
52 439
52 355
206 299
114 234
364 194
43 352
120 317
149 412
451 45
342 427
197 222
316 430
380 314
122 143
4 258
294 377
154 140
471 65
475 130
368 195
460 18
469 492
164 359
168 200
202 470
209 291
479 0
81 460
313 11
437 58
241 231
141 111
379 11
127 142
148 117
134 443
208 354
383 28
109 153
110 326
78 186
468 222
204 373
323 250
302 372
263 127
287 402
328 31
129 337
432 345
331 359
38 192
236 207
426 26
186 38
464 287
160 180
115 316
116 34
283 200
35 491
15 96
90 350
270 9
161 42
304 304
370 213
471 333
96 293
20 149
328 104
144 221
112 313
31 198
462 3
396 194
88 366
153 82
334 448
151 258
83 421
245 442
379 58
450 206
351 395
397 161
239 431
264 253
254 316
103 358
424 287
294 296
156 137
413 461
206 19
280 44
390 179
66 51
211 67
417 135
295 473
63 121
91 196
96 223
25 134
31 389
256 223
269 90
252 85
112 246
167 252
392 316
200 463
124 255
417 436
283 160
498 432
144 459
328 27
106 456
218 315
328 448
147 330
42 36
80 433
109 279
109 54
188 203
247 490
318 242
359 348
77 2
457 244
271 434
93 111
460 418
209 82
49 21
289 493
28 150
392 474
344 238
464 358
490 315
352 456
360 68
327 47
101 363
251 361
121 139
339 393
446 367
66 264
62 198
378 47
304 325
96 480
34 397
132 388
124 18
491 124
42 85
154 266
474 164
82 302
484 264
414 376
82 201
405 132
316 398
345 157
140 471
219 326
206 62
248 159
270 50
491 238
433 281
140 65
84 6
304 67
394 298
10 53
318 342
498 331
266 372
128 475
238 413
410 297
200 440
489 139
106 209
34 379
144 440
321 223
212 471
322 493
463 365
483 439
226 121
468 412
180 206
361 444
226 496
133 84
168 303
196 393
206 398
454 303
135 447
236 313
333 129
232 92
114 385
496 343
376 122
328 104
443 83
489 264
390 242
276 252
271 255
283 473
301 345
172 405
375 284
431 430
315 458
178 283
315 379
379 329
234 340
174 471
142 251
388 429
216 357
311 273
284 463
98 223
88 118
228 222
179 232
416 231
259 424
496 90
114 465
34 252
191 293
490 20
17 94
205 452
152 296
366 62
260 233
495 241
190 108
282 234
372 440
440 56
388 205
301 483
300 329
30 224
336 408
380 132
280 256
94 340
0 230
152 103
294 397
328 422
159 353
381 256
124 387
291 108
158 199
402 300
44 253
11 151
184 365
299 398
28 17
405 190
66 13
2 93
62 189
458 144
439 105
158 48
153 152
188 80
186 249
191 325
26 355
16 422
411 488
324 211
96 257
31 289
277 212
368 368
16 106
213 347
475 98
134 243
450 345
393 419
14 147
180 411
6 82
431 260
157 157
419 174
401 384
332 247
26 147
90 367
457 48
425 497
66 17
447 381
88 245
132 134
349 437
1 122
253 482
34 103
187 129
400 300
169 211
135 468
132 282
91 475
192 443
162 43
245 494
89 141
182 159
370 452
356 307
137 161
383 166
414 183
264 410
203 437
174 308
78 310
75 101
417 483
110 356
227 0
202 413
174 148
428 461
343 198
133 1
230 104
322 348
395 293
276 225
347 412
232 420
459 222
299 268
266 20
373 413
197 133
59 71
200 93
67 194
255 147
399 139
234 204
276 71
0 177
308 247
278 389
5 52
155 146
373 431
155 426
263 40
348 5
364 246
252 113
345 162
45 404
374 93
262 353
492 479
27 174
407 362
290 441
399 74
438 278
364 150
24 412
300 99
228 394
359 436
70 19
129 269
426 329
439 416
277 83
67 12
274 77
245 140
496 316
434 228
156 142
465 238
360 330
350 412
353 444
450 351
478 228
56 19
79 269
365 178
133 333
139 246
278 273
191 167
467 133
136 13
356 481
294 489
77 442
291 237
46 216
237 117
152 64
80 17
418 169
157 96
496 183
358 322
275 139
76 177
289 189
383 332
92 99
473 344
437 413
114 132
261 134
478 145
459 258
464 429
131 156
477 407
459 122
488 210
309 306
124 189
4 384
59 155
150 289
210 264
57 54
88 484
60 109
131 258
317 451
16 256
376 223
383 489
430 278
68 215
123 199
256 366
205 61
394 281
55 171
211 387
441 311
488 13
404 310
347 498
260 386
89 99
43 313
199 244
9 186
182 242
466 34
51 358
140 204
398 342
102 316
310 71
445 40
242 39
60 464
403 352
481 252
114 120
297 199
67 18
76 22
226 257
323 246
321 28
177 402
390 302
57 125
71 387
44 6
483 214
498 288
306 60
23 376
299 120
38 373
401 341
166 104
177 98
411 136
235 456
36 455
235 225
186 253
448 354
67 345
225 22
456 289
224 310
284 459
433 160
366 386
4 224
204 422
286 163
493 419
191 438
288 266
375 7
459 381
95 246
266 368
494 47
411 0
254 202
278 145
115 203
421 315
341 163
466 340
385 454
492 408
251 414
395 148
69 144
150 212
323 478
441 27
126 437
39 477
418 356
410 181
453 276
78 491
375 334
312 399
315 266
407 402
171 148
435 88
310 196
235 207
177 486
48 148
36 172
92 299
206 340
436 491
404 473
182 39
158 361
26 242
262 298
403 262
366 281
108 179
480 56
464 154
324 154
163 496
416 369
486 303
230 402
464 141
467 485
82 70
11 120
207 191
229 12
184 335
448 435
200 189
466 446
284 292
360 278
177 446
38 170
408 384
65 43
258 332
186 372
127 25
108 167
113 239
221 271
190 262
421 183
418 293
468 227
146 422
381 442
443 312
183 320
51 159
215 209
165 447
417 490
408 63
91 274
350 488
328 3
329 207
290 118
285 39
499 56
43 367
304 142
93 14
246 432
75 71
344 298
422 468
97 27
480 405
296 197
379 446
449 432
48 89
414 206
214 385
382 151
399 244
348 91
415 417
399 412
412 285
313 152
349 55
401 39
438 259
450 104
47 29
297 418
497 353
385 205
469 192
217 370
178 120
53 483
317 221
91 38
194 61
177 137
422 9
390 146
79 428
477 184
56 59
358 385
58 2
456 13
470 199
185 364
275 196
192 427
290 337
117 381
92 110
384 259
237 74
363 300
203 133
497 303
260 235
203 357
156 29
38 284
452 83
277 152
395 87
232 52
19 50
317 380
248 436
78 280
205 61
200 321
114 457
23 278
64 159
441 423
146 449
275 117
309 131
493 320
443 6
34 164
201 283
76 77
268 105
100 407
163 227
361 326
351 473
298 178
64 112
230 37
194 339
168 327
283 301
217 51
325 153
152 289
489 137
320 307
69 166
218 295
264 235
47 29
424 276
458 213
404 477
37 184
162 227
484 448
7 425
38 93
185 19
72 397
358 48
96 238
231 198
322 354
81 122
341 248
147 219
68 385
152 314
410 253
151 4
79 459
429 13
195 294
441 353
205 178
167 431
417 442
141 299
74 135
277 99
67 129
233 214
155 105
459 325
406 426
265 247
309 324
152 210
169 334
207 194
160 71
127 306
149 251
388 129
489 478
363 251
130 118
238 428
371 269
366 116
196 489
112 127
423 419
402 74
19 261
141 339
436 159
339 102
467 365
65 69
316 135
6 301
245 61
113 53
332 452
265 435
424 57
35 73
132 372
21 265
117 151
61 144
497 48
487 119
91 316
266 59
193 306
459 187
440 104
388 307
119 484
400 171
387 77
116 232
273 27
438 155
111 216
131 416
236 253
411 100
18 237
323 26
459 212
362 410
252 222
21 159
399 140
171 119
83 99
169 349
180 409
469 218
230 465
413 59
204 274
302 394
359 322
38 226
375 483
475 152
64 222
13 144
377 108
329 485
399 466
15 387
47 292
49 73
477 40
273 466
149 95
206 60
467 136
249 137
135 468
141 37
304 282
296 48
112 132
212 110
492 426
478 139
298 365
236 46
472 346
317 53
247 112
285 227
40 4
230 293
358 0
94 25
212 141
109 147
360 332
346 480
68 255
349 349
284 301
204 302
76 460
347 27
335 474
360 467
324 188
59 486
360 89
452 18
305 371
394 46
73 313
40 487
142 329
158 356
249 254
214 412
228 252
440 353
212 7
67 259
107 482
16 33
350 232
188 27
214 144
93 105
364 429
25 163
311 356
203 221
401 294
450 125
412 392
175 18
338 24
197 455
255 240
119 5
35 142
126 234
44 196
155 207
40 449
387 446
178 180
21 295
377 239
412 328
193 219
370 35
334 53
128 49
146 224
423 303
211 478
209 499
245 132
228 225
69 358
96 187
427 405
384 223
471 127
219 14
410 332
39 440
283 303
354 242
272 453
415 47
407 347
271 252
352 118
268 126
384 122
174 336
54 4
32 404
178 404
417 386
483 201
239 60
430 464
296 41
131 351
356 380
346 343
494 398
402 155
163 63
76 427
98 58
100 315
476 495
147 272
328 21
377 125
262 211
213 178
422 196
37 369
10 275
412 5
451 220
17 344
72 51
129 367
399 120
416 475
234 444
496 378
237 135
99 4
368 39
2 67
320 295
113 97
377 423
381 357
30 367
128 115
160 59
28 60
492 198
398 453
20 490
232 86
208 351
469 70
357 137
56 205
269 335
64 418
424 309
262 335
43 170
175 234
59 115
148 32
180 378
255 315
323 362
328 476
496 201
351 351
192 432
368 111
330 220
100 84
125 441
490 395
385 363
215 295
369 270
25 65
120 382
238 499
367 79
415 308
175 323
458 11
414 333
89 21
220 261
16 143
454 82
394 405
342 286
79 496
266 64
160 118
321 74
179 199
379 186
285 94
203 330
9 278
263 315
31 154
272 374
145 48
392 56
265 217
48 224
411 95
321 366
480 135
176 227
187 285
56 482
462 26
161 141
37 212
215 104
203 412
445 457
405 241
118 176
55 399
260 333
131 490
415 32
73 240
436 288
449 152
331 96
363 48
481 150
152 474
250 452
307 178
278 203
219 339
86 314
412 467
86 444
240 336
396 442
223 309
467 43
429 28
174 340
331 249
483 357
244 54
83 369
442 16
466 291
127 487
482 293
145 154
57 494
50 425
116 266
143 398
27 485
403 277
257 389
139 235
70 171
13 277
204 152
165 11
58 499
178 463
0 70
257 406
487 362
415 381
127 167
436 47
222 448
496 59
26 371
289 295
303 408
469 300
299 127
466 121
222 15
231 76
298 17
412 120
378 301
5 160
288 131
207 476
13 244
71 134
356 475
143 202
95 291
438 109
61 374
224 363
246 168
458 271
309 100
239 177
87 203
31 50
161 367
451 390
247 485
341 94
198 413
25 174
207 149
20 294
185 33
51 129
270 230
344 55
164 278
25 367
286 403
249 171
308 374
56 439
126 29
61 363
437 420
453 381
294 485
161 42
105 499
184 332
53 308
416 499
269 65
218 272
338 341
496 243
262 444
178 260
236 307
263 197
461 489
109 474
359 480
319 336
255 156
358 62
244 455
246 81
30 430
231 347
157 366
151 50
94 127
62 438
19 421
95 452
429 136
332 52
293 185
30 30
40 217
165 396
344 326
255 36
56 204
367 336
345 466
407 245
78 260
183 3
300 152
446 85
471 168
427 433
73 25
408 271
136 114
162 323
202 22
102 468
495 172
430 126
287 72
230 274
488 406
213 205
226 151
319 78
181 417
357 380
99 100
43 111
151 374
100 118
97 282
295 81
463 177
45 127
59 221
206 187
374 451
181 6
96 210
458 320
428 204
282 409
51 185
174 130
37 210
391 200
84 451
422 143
311 52
138 158
321 88
391 166
482 307
381 356
97 31
456 264
352 177
291 180
69 393
282 240
373 197
108 475
410 85
44 22
397 224
192 291
352 294
455 157
296 375
468 114
234 220
448 389
25 471
130 105
340 279
193 257
84 96
54 330
408 111
104 150
311 74
488 10
285 63
116 470
110 347
323 392
400 25
382 114
291 247
478 80
477 308
245 257
258 262
157 65
298 62
55 95
150 6
400 319
409 62
366 19
146 438
492 482
140 103
251 121
229 420
472 413
140 279
354 416
23 40
78 232
116 217
427 185
478 19
263 402
94 296
43 279
366 389
178 428
53 481
358 189
156 3
414 164
413 473
247 315
475 66
99 331
321 389
30 384
130 298
341 124
332 480
497 326
268 463
50 454
157 365
283 198
160 192
31 306
232 5
464 256
213 463
239 78
227 137
288 257
144 354
95 135
5 435
423 67
321 181
435 232
58 96
222 91
297 10
211 61
152 400
321 485
75 416
135 137
496 126
96 430
362 456
144 464
343 156
62 244
228 123
89 418
478 160
112 450
359 237
75 370
83 126
179 272
399 132
429 388
181 392
466 329
293 163
269 160
199 280
161 428
431 124
232 152
30 217
236 382
409 446
98 86
51 486
13 491
494 76
384 427
186 182
186 48
21 24
212 217
278 82
352 291
140 8
441 218
177 31
155 363
444 197
24 347
473 229
307 76
439 467
460 298
266 80
356 445
293 147
147 313
437 247
275 338
36 429
291 189
5 40
8 434
269 109
454 171
116 474
90 101
284 86
46 298
335 116
389 243
131 127
405 374
355 99
347 403
303 292
18 279
216 95
479 1
153 291
183 325
102 250
237 200
79 236
457 365
155 455
9 265
325 388
15 278
130 369
367 387
93 264
287 457
368 414
296 269
107 411
239 60
205 493
400 307
113 210
473 461
75 372
446 133
368 39
432 348
180 430
108 326
329 30
153 140
402 393
268 78
142 124
239 310
287 10
275 489
178 360
231 224
135 349
282 102
24 320
272 392
307 61
456 321
173 73
172 458
117 34
478 29
237 146
66 222
325 53
139 378
302 25
134 12
155 242
408 456
25 155
348 398
436 415
77 266
19 163
25 261
196 314
322 160
145 182
228 160
190 211
79 206
481 106
174 163
378 48
225 115
338 294
167 106
110 355
447 195
0 292
355 76
174 16
9 5
354 496
197 436
369 284
460 37
250 490
112 163
133 170
248 63
241 480
129 400
227 314
84 470
20 245
198 415
440 129
58 462
52 339
70 78
165 175
457 499
346 126
331 51
173 154
233 384
404 243
98 220
337 168
322 253
414 366
323 273
271 288
33 301
2 488
210 98
40 465
58 88
277 450
411 11
295 181
52 458
308 139
331 382
41 432
304 107
328 486
121 328
60 495
311 317
366 46
338 188
340 337
63 365
287 457
361 211
190 382
86 301
401 18
83 454
363 298
487 355
104 462
216 471
290 198
43 209
146 70
368 256
497 456
49 220
320 399
347 499
201 486
294 494
402 177
199 220
447 296
334 459
359 441
356 42
131 450
497 439
475 444
415 463
65 286
171 414
127 17
272 11
487 136
180 447
465 51
253 376
253 395
425 210
409 60
254 365
37 211
413 370
329 271
16 343
483 2
397 4
161 147
157 491
365 110
61 406
48 485
19 407
164 210
117 464
378 15
317 212
114 348
416 162
383 251
373 489
274 188
472 412
146 76
492 239
235 132
296 213
44 158
161 439
149 491
309 409
53 25
114 340
359 406
369 307
283 270
381 406
351 265
219 128
238 421
424 431
385 263
57 314
153 304
269 354
296 166
213 369
263 66
103 183
83 496
253 165
211 73
132 44
14 133
238 238
169 285
297 32
455 7
61 179
7 75
169 210
313 36
353 196
341 139
246 162
24 479
55 160
52 363
111 341
379 492
478 164
103 65
116 184
240 239
103 186
277 24
41 321
296 41
66 342
84 0
127 378
0 51
75 317
462 165
497 447
217 288
162 389
475 181
348 212
85 476
23 6
68 119
295 142
156 28
231 396
263 232
61 181
453 47
425 454
333 230
398 196
154 76
58 32
190 308
353 425
27 445
206 410
292 423
5 416
498 21
272 436
185 140
220 105
172 247
298 28
24 364
118 171
200 278
247 11
156 182
188 381
415 443
79 4
329 489
438 69
475 418
426 483
125 88
44 396
108 305
393 328
437 131
122 404
452 494
156 73
285 493
68 286
260 209
418 223
27 392
255 436
392 485
8 50
364 427
61 288
60 10
490 436
402 156
69 107
394 233
185 334
456 290
441 327
117 356
239 335
6 1
347 409
412 202
342 51
150 69
68 191
179 333
414 38
60 283
280 244
129 143
118 474
323 80
148 443
1 440
443 476
121 207
266 256
46 154
101 468
3 415
485 235
238 111
68 452
482 147
270 459
115 279
16 5
4 425
188 220
245 120
437 310
465 123
456 265
229 332
464 343
179 425
158 299
398 95
132 260
14 445
215 380
426 302
214 39
356 413
25 261
265 233
406 406
366 225
94 136
446 369
495 358
133 46
401 139
400 439
367 177
2 92
255 83
295 315
397 21
7 121
283 82
437 218
149 358
156 440
247 321
105 73
463 452
398 19
417 335
415 439
40 482
264 65
191 360
2 331
255 225
53 453
51 451
416 460
242 131
170 489
448 453
430 355
251 237
402 375
375 307
390 32
35 57
118 96
214 451
482 198
366 260
361 32
308 316
16 250
73 21
446 383
120 414
300 340
55 84
149 135
102 299
232 62
245 113
120 172
17 349
61 475
10 67
232 310
463 341
399 217
307 389
58 123
151 233
449 487
348 271
343 342
122 431
130 12
140 426
64 109
182 188
145 95
81 220
42 193
387 174
386 469
187 461
51 36
89 227
227 433
412 101
155 369
351 75
232 43
239 408
12 213
223 394
263 397
289 289
63 178
112 411
345 181
37 299
473 403
179 354
107 454
77 247
67 272
438 52
234 186
367 267
230 41
348 33
63 93
350 280
411 256
330 97
335 241
190 258
340 100
56 328
413 1
19 211
489 470
154 128
451 114
166 43
252 448
423 159
81 341
94 195
366 437
198 490
234 143
289 329
171 222
88 75
124 398
153 330
106 336
3 92
356 175
283 376
119 75
246 306
436 131
95 205
211 257
263 67
304 52
326 70
259 157
35 205
270 110
11 272
106 69
382 377
274 88
482 7
70 325
309 192
138 167
272 473
271 9
305 289
430 279
33 368
97 87
354 41
69 9
133 305
376 358
150 397
111 249
36 470
351 120
298 16
313 26
90 105
70 81
497 26
348 269
491 443
178 177
429 391
326 142
408 262
345 414
59 18
199 196
332 438
244 140
27 158
442 424
56 196
368 44
438 404
146 149
323 382
237 390
302 242
429 162
231 73
142 10
58 354
188 334
230 148
198 359
307 250
125 484
490 246
464 31
424 226
335 145
234 71
45 208
215 336
458 397
78 272
165 138
290 203
112 250
439 130
237 38
75 336
349 470
293 51
92 197
180 47
12 429
167 494
305 139
371 92
308 314
6 417
282 117
291 76
397 433
246 90
49 431
194 480
456 56
371 7
254 491
89 337
358 47
182 233
494 216
331 146
229 289
310 10
135 488
330 165
49 482
447 223
94 350
28 426
136 319
214 110
459 116
231 315
242 448
115 437
56 495
153 351
391 339
402 274
331 350
297 450
464 435
419 396
371 327
29 98
470 214
354 153
451 33
382 381
319 459
115 354
475 287
24 237
283 120
471 336
481 328
51 287
124 204
81 239
45 220
382 440
158 99
170 294
173 226
211 151
200 345
141 332
167 196
89 125
281 195
248 390
434 33
373 284
432 378
165 15
88 148
198 308
484 242
14 26
147 6
349 493
276 249
198 248
87 352
426 211
380 37
313 459
42 406
477 33
375 417
216 52
136 213
17 43
155 320
390 442
287 406
321 419
96 449
332 148
160 405
38 444
198 489
254 435
356 106
234 306
294 420
320 278
169 348
272 467
196 113
275 428
86 249
382 461
364 401
441 342
314 263
321 254
201 72
472 6
6 122
213 323
417 164
344 185
62 240
394 50
252 112
224 474
468 116
180 332
332 434
161 272
213 127
172 219
478 445
214 460
14 394
176 288
92 64
33 401
268 333
171 46
388 146
141 434
129 378
291 458
408 284
242 180
257 452
110 165
5 409
469 185
213 189
13 354
18 177
341 46
403 97
392 125
223 218
403 230
268 164
488 216
351 94
446 172
349 487
83 406
341 172
340 365
403 300
380 155
284 467
371 448
123 58
200 169
260 9
37 345
287 429
470 467
310 149
380 190
131 4
272 432
204 81
439 321
120 6
19 276
331 37
199 159
320 464
239 48
158 302
43 130
124 315
97 285
286 140
429 237
245 30
480 185
392 393
458 435
172 148
176 250
217 399
250 136
390 392
278 309
126 58
269 3
420 55
194 428
128 364
20 417
304 386
243 356
326 235
134 424
66 321
219 323
354 439
27 397
428 138
48 252
64 109
108 247
319 143
476 134
347 328
161 166
423 379
453 317
314 448
246 69
351 146
246 229
312 250
6 296
303 57
441 321
420 462
495 442
236 59
123 93
34 413
173 288
224 146
3 156
284 439
422 52
275 499
483 379
241 499
316 283
119 29
45 248
66 498
447 268
57 110
476 476
400 139
382 115
293 311
176 409
479 61
299 87
90 83
154 401
415 59
324 144
484 191
377 177
189 40
255 273
132 93
302 134
46 165
234 347
491 253
221 364
336 74
92 216
51 55
337 406
224 413
442 225
241 435
112 236
402 17
291 33
122 328
65 405
192 328
413 284
146 448
9 257
340 109
61 353
152 398
78 456
448 215
467 244
472 249
123 1
133 264
471 493
351 158
121 72
374 103
218 290
358 57
144 236
397 207
11 473
119 352
116 326
221 261
166 480
491 36
209 496
466 258
256 195
182 487
327 135
51 107
225 62
159 68
390 201
499 47
92 420
185 415
352 472
26 488
155 313
119 332
366 497
69 418
417 248
485 440
126 42
37 363
54 394
388 224
440 37
260 486
199 334
50 141
112 334
234 8
327 455
412 126
214 461
497 269
38 93
58 201
231 493
226 36
406 415
354 294
145 306
410 483
337 455
454 306
423 336
70 36
421 182
429 466
142 290
160 475
16 36
278 209
477 100
439 430
256 354
333 338
89 21
303 443
24 123
68 283
198 83
146 233
185 406
468 387
125 141
352 143
290 183
185 197
396 460
80 256
160 233
141 170
249 179
409 141
123 242
106 396
319 393
426 130
215 67
59 218
371 351
222 254
76 236
359 384
448 115
404 402
219 446
26 133
28 223
320 262
7 316
14 296
93 71
493 168
116 473
471 78
17 239
305 159
439 233
347 283
22 362
325 361
344 216
311 321
258 80
482 130
394 181
441 124
256 66
284 427
71 264
244 344
126 304
455 423
486 77
203 466
201 142
337 33
223 366
218 391
236 360
457 208
282 273
306 311
205 380
392 126
76 180
118 415
154 264
446 445
369 235
213 224
461 413
93 262
393 18
5 254
149 386
199 405
479 324
303 46
299 163
223 161
440 26
372 448
57 86
408 70
53 473
438 141
11 85
293 458
164 159
205 347
381 233
10 464
104 435
322 308
22 45
109 70
478 436
219 159
148 418
51 14
313 226
369 327
182 476
97 248
163 109
49 129
477 391
47 342
321 304
260 334
359 376
200 26
123 147
180 19
203 87
11 400
201 422
40 411
38 428
444 394
55 252
275 317
211 331
353 62
106 429
249 420
185 182
30 348
45 496
473 256
460 211
242 493
349 393
217 320
36 228
431 32
358 340
85 186
218 205
94 397
248 172
425 81
36 245
257 257
34 114
322 392
285 49
82 464
434 35
138 196
327 380
311 476
327 189
224 1
359 185
52 419
310 231
428 393
413 24
423 156
153 0
189 236
469 78
493 394
211 308
309 47
491 299
113 139
66 215
136 86
428 355
328 179
204 97
97 190
242 463
388 47
11 488
304 91
304 24
53 466
213 77
207 298
36 423
332 419
224 399
305 252
376 16
482 65
350 165
46 361
114 186
170 342
295 473
332 279
171 64
195 77
14 428
79 469
131 367
239 280
260 87
147 336
351 218
86 411
249 93
389 253
310 337
404 362
469 218
477 184
449 54
470 227
40 158
375 335
175 231
29 362
411 192
349 233
394 158
172 186
212 208
210 304
44 436
309 103
78 321
179 179
143 335
88 91
223 56
313 196
193 295
19 480
259 459
373 328
276 52
87 469
328 330
99 442
419 291
494 396
209 173
382 428
255 193
303 449
341 312
118 110
172 324
109 54
166 462
109 296
162 29
300 277
32 451
379 120
39 390
187 286
262 34
461 118
415 169
296 26
452 148
482 190
260 28
87 413
304 415
489 70
178 235
399 41
36 359
377 82
133 402
4 152
413 264
370 194
179 448
331 186
424 150
65 43
33 104
93 329
387 56
147 374
78 232
360 291
96 138
390 59
392 13
108 87
187 288
491 123
65 233
328 164
435 240
334 295
300 429
154 409
445 227
22 455
381 63
11 4
317 44
218 75
401 92
356 287
151 360
213 434
487 175
254 373
443 169
458 366
456 361
152 206
86 367
217 85
428 451
31 259
42 362
165 216
206 456
189 123
382 69
195 142
89 108
39 133
251 288
342 469
165 441
85 143
424 480
145 257
326 142
257 312
464 474
38 284
17 171
397 71
338 139
299 20
369 347
389 367
440 15
392 36
448 230
341 53
425 437
418 327
343 23
342 329
85 329
79 107
238 219
428 321
453 55
155 436
97 423
437 175
401 365
20 58
324 431
126 407
60 176
152 371
372 234
359 343
455 12
102 342
431 62
84 394
43 203
364 209
128 318
399 334
338 186
108 52
437 231
67 354
418 464
198 219
72 363
203 301
398 401
88 364
126 150
247 29
394 1
298 451
319 227
378 456
232 390
74 289
128 72
107 146
93 169
181 34
459 482
153 53
84 478
57 111
474 342
227 295
180 499
297 68
417 62
100 96
409 293
4 334
432 305
115 210
228 492
426 462
281 343
108 323
231 54
496 236
92 250
146 211
313 47
205 217
134 183
139 451
475 471
288 6
277 230
43 383
76 463
27 175
411 414
357 48
331 4
167 493
59 434
16 163
319 360
101 353
306 435
192 356
78 369
286 418
91 435
427 140
135 447
316 103
220 379
4 464
454 110
28 354
43 402
7 447
468 449
70 182
2 108
75 56
213 261
96 170
391 384
494 330
480 408
363 267
205 138
309 54
486 411
80 315
249 146
66 0
375 232
164 436
449 443
223 435
384 256
317 189
460 293
290 244
267 143
238 378
56 40
383 371
86 315
23 430
235 106
332 434
469 384
207 372
303 396
426 16
443 331
52 124
439 326
245 279
161 242
215 469
395 415
228 178
263 62
329 14
491 170
298 232
185 217
491 38
149 408
126 267
251 488
374 450
198 399
376 275
405 470
140 103
270 44
426 76
32 260
437 133
5 442
40 287
307 107
311 469
266 97
84 494
15 137
91 96
4 72
355 407
55 84
258 58
191 156
450 377
221 277
292 147
120 46
290 130
163 262
200 494
94 337
216 174
451 444
283 85
314 157
473 331
212 243
120 210
28 461
392 264
6 153
342 442
144 215
363 202
358 490
194 0
270 142
290 466
392 215
497 162
54 183
340 272
287 170
16 424
417 121
196 293
340 456
3 155
45 467
0 83
343 200
297 328
321 50
426 128
177 353
286 399
3 356
254 166
468 155
432 320
348 243
193 197
450 354
463 221
256 3
222 260
115 326
53 145
7 44
399 328
458 58
207 319
441 370
296 52
24 353
397 309
47 418
68 348
144 384
110 93
100 240
239 129
444 477
437 376
249 324
70 411
199 361
13 274
273 131
6 147
302 252
407 96
129 456
357 293
311 340
371 254
97 308
347 192
452 22
199 469
394 1
187 324
409 432
271 373
134 229
204 307
390 136
194 372
139 76
252 185
114 459
375 170
464 289
232 390
267 195
89 395
450 209
82 229
175 466
208 248
284 270
401 27
492 193
261 122
352 286
297 120
30 470
22 369
308 14
160 42
95 66
328 383
121 27
10 119
130 295
127 322
216 240
426 211
321 371
314 121
168 238
387 29
309 467
448 172
433 459
289 405
458 33
408 452
308 483
277 400
413 315
229 240
80 410
496 404
436 22
95 366
451 336
40 56
321 184
25 351
107 351
393 310
420 366
20 415
70 321
109 188
316 219
58 242
191 232
177 58
174 294
317 181
458 164
390 450
441 344
360 41
491 136
100 63
355 91
398 71
396 234
319 399
335 369
322 19
54 338
193 264
181 435
160 145
176 290
462 403
90 343
298 63
404 205
196 308
185 178
472 245
469 396
107 160
83 158
1 359
375 148
86 291
151 26
75 363
218 463
132 442
303 104
223 332
399 398
12 402
141 86
179 88
133 432
293 7
215 42
78 3
249 226
50 243
356 245
20 426
159 449
127 76
356 421
219 21
187 307
71 269
0 411
227 437
428 182
280 81
163 382
7 251
237 352
134 203
343 69
149 255
3 429
65 112
106 149
106 22
140 436
482 312
349 81
255 492
323 203
129 430
476 332
10 194
57 58
238 91
240 343
159 25
182 68
180 107
487 12
207 54
94 42
437 4
88 88
481 404
445 229
217 45
173 382
12 413
128 56
150 236
451 241
214 401
289 440
293 184
178 30
120 129
10 59
52 296
429 292
283 154
386 250
110 255
390 118
476 279
291 275
278 142
228 41
445 375
111 411
148 412
236 91
371 212
347 140
26 245
93 349
314 441
131 432
192 63
308 194
68 189
284 89
149 184
332 82
26 194
400 255
36 499
463 148
297 95
457 190
448 47
183 283
230 26
359 197
469 150
150 129
454 27
74 127
377 415
371 267
327 94
264 466
175 292
6 251
165 93
353 487
491 305
8 451
423 460
446 108
63 299
452 275
75 4
289 430
460 490
191 406
261 373
44 251
363 48
289 285
285 11
278 369
249 299
26 39
252 16
429 16
219 203
295 279
339 89
218 20
286 10
26 334
172 116
240 34
289 394
49 234
163 213
100 82
98 414
207 300
118 258
38 419
69 230
69 427
122 5
112 407
329 446
115 487
444 366
278 455
493 403
333 379
349 50
420 324
376 478
295 123
354 309
400 64
329 351
213 298
340 0
115 10
216 179
11 401
196 257
320 333
403 18
1 366
89 166
229 273
233 154
148 422
329 282
100 147
335 482
8 340
108 116
336 232
122 229
309 176
18 413
345 474
298 324
190 409
135 498
447 327
443 319
404 483
154 44
424 80
78 413
480 65
83 415
41 463
184 23
453 12
0 483
138 165
312 81
115 355
245 238
459 61
396 221
243 189
404 292
47 223
135 337
0 354
121 217
197 2
318 398
127 209
239 139
69 107
463 152
36 347
177 333
308 71
372 15
155 487
158 209
74 152
434 93
484 113
314 367
425 169
364 61
364 364
299 112
477 250
392 345
26 95
125 24
198 329
237 229
446 391
269 236
303 428
59 423
393 387
294 1
47 428
13 129
7 207
283 354
123 227
90 110
200 174
355 74
297 363
10 300
231 48
21 140
0 21
446 211
266 284
392 10
274 31
311 393
176 499
461 111
201 154
171 264
254 260
300 40
434 77
26 108
403 402
238 142
285 424
382 250
188 245
446 78
87 106
188 482
304 137
175 417
98 96
133 38
392 93
199 198
364 395
278 100
201 265
212 326
9 42
45 204
17 76
294 379
284 69
429 4
402 79
202 296
362 63
330 102
167 477
226 151
40 153
378 205
105 13
6 459
184 261
461 180
463 151
13 142
167 248
206 134
490 387
90 333
470 321
464 428
406 352
91 259
73 208
290 418
479 354
386 138
286 187
279 391
10 404
414 126
196 188
274 260
169 415
354 135
93 80
127 5
286 454
243 371
271 326
329 216
160 96
386 446
147 370
34 224
452 409
47 73
258 183
47 143
118 425
52 31
63 466
265 389
222 387
330 431
370 260
468 179
367 147
278 296
100 80
348 208
399 265
462 19
437 174
19 183
293 204
170 177
141 121
208 43
478 51
40 66
267 211
264 258
329 443
72 52
137 32
495 278
2 440
216 61
209 390
75 187
427 371
237 484
50 371
410 376
130 215
296 269
53 325
159 117
84 325
47 172
408 425
69 11
494 1
333 247
283 433
451 104
135 452
481 389
174 23
137 131
31 477
224 484
16 272
181 25
218 427
414 71
31 409
84 355
114 82
73 452
258 429
3 58
5 230
170 119
289 333
82 497
112 270
254 482
69 130
284 158
395 255
426 487
245 347
104 201
450 414
236 309
162 217
242 44
241 357
272 123
440 237
20 33
313 91
251 255
390 429
234 99
322 339
303 417
291 319
155 314
134 25
53 473
219 316
461 198
56 85
258 177
490 459
385 476
191 303
351 356
250 448
457 73
250 117
37 112
32 317
39 133
75 347
297 125
82 196
181 333
9 230
373 44
72 99
191 165
345 101
193 129
146 147
191 444
246 51
87 117
296 389
486 435
260 341
208 200
63 344
432 169
169 441
61 48
477 9
307 154
115 247
119 369
240 470
332 251
183 243
419 267
71 191
38 475
258 65
30 463
204 392
438 261
451 232
270 2
121 25
257 96
226 368
7 201
155 309
166 406
251 88
463 387
274 436
432 78
144 180
207 130
407 492
9 378
315 416
219 10
188 395
149 289
177 387
438 40
408 4
292 230
413 350
424 325
284 210
183 47
306 446
258 244
71 208
303 392
497 405
62 431
219 120
15 205
12 98
32 23
442 147
429 183
214 357
242 488
106 122
233 24
212 152
368 338
221 356
405 385
314 480
25 186
217 378
166 455
87 124
109 77
397 242
222 132
473 268
324 272
206 461
140 322
375 488
494 235
343 164
215 12
393 447
233 183
346 67
107 292
303 421
224 423
109 45
399 354
358 114
352 98
250 497
281 399
118 444
93 52
87 149
21 135
138 252
386 120
3 65
426 144
407 241
242 37
39 492
4 496
46 216
240 446
294 184
224 351
273 338
96 356
29 433
463 455
302 402
116 456
439 202
331 42
388 8
192 186
414 4
40 383
59 499
141 283
88 456
317 181
289 92
202 348
208 197
68 151
376 236
94 169
406 252
150 194
80 407
372 359
282 179
60 211
199 255
175 102
314 235
367 70
156 225
310 144
324 266
450 240
236 428
461 300
13 209
330 450
366 256
354 407
228 370
273 119
310 304
270 187
79 84
464 302
377 321
361 455
469 482
143 145
498 17
325 376
99 48
441 331
435 404
144 367
191 110
237 83
351 335
17 345
188 318
118 68
297 295
263 481
236 335
231 467
359 339
66 450
432 156
401 468
25 104
52 102
307 413
364 256
486 402
318 140
372 7
462 236
78 433
392 215
72 331
224 177
58 98
336 365
173 211
250 430
415 134
91 233
177 477
456 466
299 322
271 393
487 94
444 279
387 46
163 405
425 392
481 388
184 330
219 222
480 32
418 128
233 411
277 136
292 481
431 144
79 316
249 20
158 275
435 113
241 118
194 90
99 457
445 388
64 99
302 144
104 155
416 180
348 148
94 14
72 321
63 399
497 398
323 388
131 230
393 25
199 357
139 335
167 377
485 104
374 409
214 316
290 100
411 78
11 156
334 24
170 340
242 479
465 186
339 158
85 319
392 212
133 180
355 192
57 222
285 105
66 256
15 374
180 371
424 455
446 78
184 149
325 100
248 39
475 127
411 13
157 386
397 241
423 493
434 40
391 275
417 366
441 272
305 317
145 117
59 119
225 428
177 130
313 108
447 107
100 37
321 198
381 187
188 393
66 73
276 479
491 304
72 4
306 421
384 62
145 4
344 481
233 245
9 462
498 356
90 156
188 259
423 177
252 499
4 16
65 296
176 170
104 25
64 42
50 232
91 156
409 113
390 398
398 437
148 202
477 284
48 494
397 7
237 205
158 276
99 437
272 371
7 297
406 334
55 145
103 331
199 100
56 45
163 97
458 280
66 393
5 280
314 140
201 92
361 330
184 191
147 284
316 68
341 31
234 111
98 116
211 448
288 185
134 78
281 483
431 310
471 104
35 217
196 219
79 390
54 357
377 133
213 203
136 493
486 105
387 489
97 437
430 105
370 496
120 173
449 296
412 467
38 231
177 413
194 262
164 109
115 114
409 204
177 367
216 384
22 7
58 242
75 225
90 464
497 105
185 43
27 255
42 255
216 121
9 173
391 478
22 58
313 184
417 190
39 203
353 279
265 247
401 131
178 474
105 479
420 143
429 347
191 416
39 242
421 183
463 214
224 179
143 107
188 480
464 126
223 468
154 45
498 364
235 133
168 84
198 476
432 230
345 228
272 280
401 96
73 348
238 2
286 120
219 265
479 366
274 227
468 333
39 418
10 452
301 206
394 398
370 74
26 47
424 244
223 451
436 354
363 305
426 223
215 161
325 336
200 301
268 195
135 140
205 162
361 292
41 492
396 329
432 29
464 30
14 202
80 440
262 346
149 33
11 471
111 107
45 189
97 197
61 409
472 337
426 444
43 295
321 77
494 269
276 125
210 371
428 358
499 472
277 238
129 37
477 364
124 366
7 326
423 63
393 1
347 85
25 230
355 58
404 303
199 445
339 282
38 52
173 184
60 70
493 328
168 309
433 196
288 21
456 85
398 359
236 51
443 112
363 83
31 272
11 189
72 29
331 484
150 352
417 332
122 471
160 178
134 436
451 213
29 297
143 328
478 372
223 51
138 125
386 132
341 82
64 239
98 298
46 47
291 33
256 206
7 51
112 18
166 190
261 410
85 326
364 325
159 379
413 281
122 401
313 139
26 191
142 136
111 472
320 387
137 151
215 426
313 57
493 74
142 441
293 463
352 111
264 407
368 447
331 433
476 196
212 129
330 364
218 318
299 374
336 252
404 288
245 256
333 414
257 9
136 274
134 264
348 100
261 469
74 437
355 183
132 100
160 298
464 49
263 400
472 273
250 223
312 45
263 16
407 185
370 478
33 108
301 153
208 346
322 9
481 429
136 388
142 384
312 103
146 325
141 446
324 309
102 442
12 17
307 403
298 343
179 275
417 77
273 454
383 309
488 390
493 330
175 386
213 454
369 134
130 188
144 40
136 260
441 190
465 389
151 363
124 231
5 23
107 377
190 207
18 124
349 236
54 268
174 2
103 359
73 280
69 0
493 411
76 85
126 312
331 304
459 61
83 370
15 178
197 461
84 400
305 32
304 343
343 469
64 205
490 90
18 66
459 71
335 37
200 342
97 446
274 460
89 378
32 151
189 260
245 73
488 470
360 484
298 35
9 106
401 17
139 475
72 79
192 273
283 347
380 304
71 370
194 81
63 104
447 411
283 157
316 444
57 67
150 1
317 4
436 418
170 72
469 20
377 202
3 271
339 486
411 78
307 191
262 416
133 285
387 322
134 90
210 367
411 96
460 315
200 239
48 162
86 21
450 403
427 457
26 216
437 44
407 217
181 81
352 201
173 180
302 499
353 109
231 389
63 338
267 29
56 362
469 89
221 499
8 140
257 195
431 285
473 330
366 144
310 311
338 499
25 496
258 431
401 63
151 83
256 127
129 387
275 294
327 273
415 288
352 460
216 332
395 446
233 137
176 192
388 219
369 363
420 159
176 49
244 205
13 44
358 213
458 78
92 324
21 278
329 419
114 463
427 383
62 190
471 436
311 100
158 276
60 368
55 272
96 122
200 81
98 393
470 290
56 126
287 34
116 461
426 372
278 120
94 198
79 266
99 414
362 481
437 482
497 383
53 459
214 93
93 73
154 42
83 308
341 230
453 413
252 166
491 111
180 79
465 188
64 213
187 245
76 123
91 473
302 31
198 488
273 83
93 159
201 122
117 126
87 267
457 442
269 64
39 280
275 166
101 170
171 328
41 280
286 185
259 413
68 462
238 415
443 316
150 421
227 361
457 356
184 217
479 4
10 48
282 7
408 38
105 450
257 198
88 123
176 4
429 102
391 381
46 172
242 191
292 1
455 209
146 58
144 235
48 314
325 69
324 368
43 302
394 9
414 168
221 22
86 55
98 173
335 450
225 211
43 248
53 109
418 403
388 239
369 117
198 386
492 68
466 155
460 200
195 87
41 106
259 244
439 455
377 320
468 157
40 433
337 169
355 88
44 210
351 394
342 300
280 367
368 81
203 109
363 116
280 97
436 171
182 8
317 459
387 72
361 281
413 452
6 39
321 346
69 148
364 192
434 128
451 469
241 59
156 452
75 75
465 441
469 280
166 243
114 0
58 326
323 287
235 65
280 89
228 123
197 65
182 326
102 84
185 200
438 86
443 357
470 45
415 428
213 140
316 294
151 381
368 40
130 270
319 53
281 489
323 491
403 494
258 364
226 329
497 472
221 432
78 213
110 61
33 163
244 448
431 293
64 315
141 8
98 279
375 178
175 479
238 122
97 63
202 394
2 394
216 261
156 190
1 354
376 140
339 385
106 459
436 16
376 190
475 120
11 154
342 118
90 244
77 20
493 155
324 220
281 452
445 339
244 215
346 334
72 401
362 361
382 186
485 260
1 497
248 102
120 258
284 299
472 144
61 253
240 178
92 327
268 351
404 114
25 380
411 188
49 373
208 229
126 165
164 463
433 137
184 241
451 480
229 331
384 374
221 257
293 298
436 145
252 78
53 59
239 356
187 131
84 223
300 188
356 223
217 355
289 417
317 461
30 499
402 305
277 74
61 33
42 201
182 128
443 261
433 476
165 29
95 97
38 296
331 74
365 444
314 38
341 322
193 213
318 215
151 261
188 26
238 179
145 135
118 138
137 169
163 38
285 383
214 233
389 308
79 250
181 169
57 406
409 172
203 319
351 126
54 455
41 380
415 397
267 69
154 257
252 478
371 446
349 356
356 439
5 114
363 182
67 30
10 261
272 498
16 198
328 446
353 359
379 232
300 413
272 298
204 48
54 39
34 34
346 209
190 223
376 15
316 202
293 451
127 393
491 168
110 298
258 415
215 392
100 283
182 93
296 108
72 23
237 309
403 204
463 464
114 185
304 146
113 436
361 110
62 269
283 263
280 240
350 102
237 193
486 408
392 399
211 304
488 409
307 420
42 454
198 165
191 265
19 88
474 381
12 214
394 377
482 235
127 402
46 27
441 379
442 124
74 325
160 488
114 116
392 143
328 350
245 112
406 191
99 328
467 97
222 453
132 117
276 139
33 33
62 269
50 483
188 355
149 498
221 16
73 303
10 158
180 55
306 127
213 371
209 459
169 476
238 383
443 373
243 12
457 213
120 201
209 289
136 396
152 342
8 35
114 78
28 250
330 333
83 365
187 197
436 480
235 11
278 477
459 441
309 493
171 355
102 414
460 29
14 220
91 416
106 182
215 497
433 183
54 244
248 196
368 242
186 336
365 292
292 71
240 173
291 95
456 469
6 329
74 152
169 438
359 78
370 421
251 332
66 288
209 484
479 249
225 292
17 307
72 208
5 452
7 29
321 274
207 401
454 353
483 52
338 303
354 283
90 435
287 340
191 342
426 45
186 247
153 389
74 384
411 284
341 237
407 257
187 393
328 57
110 187
280 343
377 243
291 319
360 468
321 223
388 260
150 19
55 366
208 483
389 128
18 71
264 30
17 17
65 153
304 215
412 286
252 351
226 21
191 39
245 22
44 366
88 99
136 330
236 344
411 244
114 78
306 256
205 226
143 454
446 197
394 213
263 167
115 122
213 381
124 197
45 118
308 406
380 323
452 2
350 171
441 90
252 379
498 325
66 245
183 194
480 78
474 225
266 298
14 147
53 404
469 310
296 307
126 157
473 35
210 123
288 399
138 123
429 83
130 397
285 264
33 11
165 219
393 22
66 10
56 133
48 346
186 262
37 158
473 189
425 247
67 150
448 301
75 122
155 148
51 388
271 251
247 195
122 185
382 476
311 88
205 6
116 370
476 38
46 38
253 480
148 380
490 333
192 477
447 155
295 141
383 278
399 197
311 488
322 483
413 255
349 375
425 137
298 245
422 184
101 65
299 264
444 458
27 294
389 246
414 434
297 104
333 219
87 351
405 309
127 226
38 395
299 240
305 114
289 451
348 82
487 115
334 451
463 180
235 215
143 488
64 155
32 150
414 355
217 484
331 97
15 434
390 264
19 39
164 9
103 303
159 478
420 357
314 439
15 191
17 382
294 341
414 230
226 66
152 234
179 161
163 206
87 34
108 294
331 187
483 74
138 61
70 418
423 19
356 71
454 435
321 177
186 230
371 287
185 85
186 432
59 469
60 203
259 363
181 17
100 124
133 277
415 358
73 313
490 12
234 407
328 103
372 14
398 74
76 134
374 6
164 161
485 253
183 140
371 396
103 65
121 279
486 302
306 2
277 406
79 113
191 455
3 223
473 208
283 115
328 331
109 342
315 429
323 381
83 249
382 482
488 403
0 140
270 50
71 404
29 239
459 317
356 207
230 232
472 139
125 317
355 118
325 245
410 381
172 244
8 14
70 144
188 289
271 450
214 135
54 421
257 487
294 413
95 335
380 474
65 250
480 205
45 220
44 202
266 455
99 295
366 331
365 47
402 388
12 246
169 122
22 280
433 390
92 213
127 263
178 200
421 87
176 291
287 39
476 181
45 425
445 437
30 348
320 30
374 393
265 52
183 292
60 118
110 288
24 52
440 363
468 303
91 25
8 414
288 233
382 23
153 161
18 439
31 161
71 38
392 94
311 451
1 371
140 210
115 317
35 22
379 420
214 314
368 309
241 367
292 136
410 440
110 137
166 252
62 315
177 423
56 153
433 15
26 305
86 241
357 249
341 8
483 4
267 174
159 209
143 37
400 70
96 319
210 387
168 157
9 336
248 212
279 25
153 377
126 288
110 35
287 420
90 418
257 332
332 463
148 134
22 265
175 265
328 189
295 281
345 189
226 433
314 306
17 265
261 425
294 162
43 91
401 499
202 415
363 141
198 400
295 56
118 486
109 475
77 218
284 54
218 409
189 299
492 280
304 31
482 70
485 18
302 14
7 252
369 224
359 77
307 381
409 279
174 357
354 131
240 481
374 6
345 169
68 340
18 315
418 274
80 481
83 164
459 83
226 12
214 289
301 274
491 211
341 208
208 326
27 149
65 230
340 1
218 308
1 414
16 35
18 82
323 385
401 87
170 487
489 444
402 113
367 310
132 30
487 77
470 132
136 125
384 54
2 39
139 459
248 92
461 167
273 107
410 267
445 261
479 17
236 346
65 224
203 19
300 421
56 456
145 235
151 371
185 485
492 148
338 45
67 393
451 151
162 65
315 366
350 373
50 410
24 48
339 407
344 376
117 377
299 475
493 425
438 183
39 194
255 260
357 479
308 323
200 496
477 40
48 483
245 291
398 274
184 12
328 470
291 109
125 262
280 404
473 475
92 73
175 494
474 335
398 233
86 65
277 190
322 216
286 406
156 368
160 392
92 232
443 280
471 162
220 347
144 74
51 224
65 465
405 104
254 433
473 266
142 55
137 56
78 38
245 446
266 438
360 421
437 335
493 194
472 194
384 312
42 113
157 262
78 267
429 153
133 482
64 98
179 141
90 327
436 120
376 244
259 250
106 424
485 13
362 323
79 280
252 210
206 52
228 169
438 139
31 373
306 439
117 470
293 191
62 178
436 375
101 391
408 36
393 106
283 58
134 108
234 241
311 269
448 453
472 86
454 154
418 439
202 162
122 450
44 485
370 122
127 316
110 40
484 245
339 346
416 57
129 209
347 118
170 356
321 243
64 213
92 366
116 167
335 273
33 361
153 19
414 115
368 249
332 98
419 271
410 129
322 4
438 77
450 131
289 248
224 450
150 433
250 13
35 247
28 62
275 52
35 274
482 252
331 120
163 34
74 496
195 382
212 151
123 224
74 252
284 324
370 130
180 459
484 349
208 308
381 315
311 358
266 176
482 2
233 435
38 72
468 478
170 138
343 152
14 383
143 133
122 177
14 243
3 294
44 8
18 357
342 254
75 444
119 370
405 276
137 36
327 155
317 263
162 373
317 460
376 346
473 375
88 3
456 278
311 431
112 176
239 268
100 329
465 230
293 217
169 322
347 362
436 91
34 109
353 434
480 359
49 392
149 328
159 405
308 357
228 117
64 187
261 361
227 159
422 391
149 487
4 102
16 184
10 142
190 190
309 78
292 1
36 362
110 26
125 163
227 401
113 197
434 124
293 97
301 428
354 395
9 10
299 446
339 340
393 393
285 465
219 432
220 335
382 352
492 483
166 162
448 431
367 199
456 483
467 307
448 384
137 468
91 220
257 58
56 301
237 155
16 38
123 69
348 443
368 212
396 397
352 194
251 65
323 246
253 244
267 233
371 375
455 123
74 343
8 355
219 299
125 25
238 33
181 164
232 207
240 357
313 215
297 494
461 489
119 450
414 138
297 288
87 81
155 403
299 14
262 321
461 238
183 166
3 450
172 338
277 337
18 221
163 296
79 135
213 485
95 217
222 312
12 263
119 50
394 333
33 120
120 151
421 282
233 224
23 345
498 47
234 147
192 461
330 22
320 133
455 171
329 437
85 123
489 351
375 90
28 4
472 231
266 181
320 232
372 371
475 418
445 226
327 316
20 60
359 416
32 143
412 494
167 62
143 416
424 123
467 181
417 294
9 130
40 121
189 450
432 305
158 121
118 379
128 51
196 491
453 22
117 425
155 1
426 69
197 215
401 89
160 99
157 35
463 317
365 85
104 401
480 243
373 354
8 455
22 430
486 53
281 296
290 452
300 306
426 153
206 28
88 133
189 185
115 157
82 8
55 329
185 381
90 200
310 198
265 42
436 360
91 231
170 446
190 68
472 120
455 375
94 312
40 48
174 413
129 73
6 367
40 54
133 251
32 441
323 483
351 136
75 81
482 372
376 128
274 256
141 487
109 479
446 5
435 498
208 289
269 457
376 274
105 63
191 237
155 261
460 490
388 103
26 165
333 277
83 447
422 141
94 283
147 304
273 228
299 322
266 219
344 77
187 94
154 69
147 365
203 242
231 216
310 490
81 52
122 342
208 221
330 290
156 252
371 143
283 318
281 269
64 141
201 117
167 101
210 156
102 62
496 188
274 104
245 479
148 478
494 414
486 255
349 376
433 166
47 383
345 362
149 190
167 357
122 392
473 92
187 387
467 247
17 0
189 313
103 127
448 279
169 402
458 266
416 210
376 433
448 133
22 359
290 150
182 469
425 402
152 276
311 127
198 282
327 298
270 221
483 433
476 356
67 469
482 220
356 318
481 26
349 292
38 27
213 48
493 480
131 476
217 75
235 451
295 18
150 261
171 419
68 269
273 11
307 340
188 302
343 325
253 479
496 285
82 65
279 461
333 422
32 466
338 399
195 76
107 443
250 58
311 178
395 149
225 309
87 226
327 377
441 233
79 233
135 328
233 389
2 373
208 195
424 211
117 370
47 90
489 145
359 148
235 24
156 258
498 415
33 132
116 24
300 486
87 489
251 124
267 326
214 139
441 263
303 344
117 62
34 488
378 8
481 284
450 160
127 427
300 395
46 50
162 306
490 399
486 81
64 170
388 226
137 59
161 422
168 288
295 226
486 442
253 248
87 206
356 274
471 86
185 311
494 67
269 237
401 233
295 411
334 217
229 348
109 271
46 336
60 188
302 366
117 497
138 217
386 177
317 234
473 147
219 357
16 456
206 44
39 84
78 210
252 346
385 205
360 121
83 465
451 283
218 433
496 105
405 331
358 21
90 428
1 91
46 63
222 316
364 135
300 222
444 309
16 88
309 487
432 293
72 405
317 302
284 97
346 89
203 302
183 319
162 121
311 110
352 288
454 40
99 170
202 330
80 374
92 36
452 371
26 184
90 48
406 461
470 241
477 218
455 478
80 407
414 363
47 499
139 224
97 239
195 257
112 458
218 168
185 305
390 249
229 25
60 119
433 303
107 429
47 131
434 272
471 412
152 387
437 231
218 395
199 318
365 220
17 103
135 483
199 36
199 157
179 261
147 208
120 129
20 477
141 109
186 194
46 487
382 373
96 417
178 193
384 472
212 63
26 364
417 283
78 125
44 456
434 172
397 473
153 494
431 382
391 108
109 90
234 39
36 218
261 310
186 306
475 154
341 274
99 250
467 60
233 27
356 344
139 481
368 400
493 247
487 122
85 455
107 98
431 269
473 68
252 70
454 290
266 108
479 325
352 444
226 406
81 419
191 347
362 285
159 79
335 27
264 358
399 386
394 264
37 401
481 449
45 496
274 229
87 65
318 369
484 235
184 245
274 36
302 363
451 87
219 196
345 195
303 235
56 47
268 427
491 414
8 208
200 64
447 379
471 318
442 4
316 354
444 333
200 139
368 278
445 68
3 469
457 438
35 111
242 219
300 490
398 313
466 32
432 87
120 24
489 414
132 84
289 139
314 295
19 11
265 227
202 243
47 17
344 165
88 295
419 329
143 263
403 161
428 435
311 357
218 280
183 426
131 139
461 367
255 49
322 425
262 490
0 73
468 488
414 112
19 312
476 207
492 81
383 10
162 36
487 1
475 132
291 449
75 187
280 424
466 116
11 213
89 366
168 426
353 434
43 270
311 401
384 93
87 380
457 170
94 11
37 324
209 126
130 104
29 190
280 370
227 117
452 230
409 337
190 273
442 167
415 120
376 481
273 368
481 196
476 275
82 412
352 270
244 412
448 303
251 62
111 404
363 466
482 89
39 98
437 31
483 135
377 201
323 494
85 284
304 129
295 449
177 311
214 422
482 468
497 177
164 198
315 403
277 485
209 193
497 293
99 487
269 118
86 78
151 291
153 36
430 147
275 341
360 228
289 40
409 108
33 454
417 174
282 78
149 252
476 435
458 50
286 70
403 460
398 71
324 440
465 192
115 246
244 123
37 131
330 257
248 475
47 84
252 86
24 86
472 253
96 34
295 446
427 383
70 105
441 291
467 493
325 230
354 326
266 26
11 436
209 113
108 44
268 304
444 173
175 491
49 499
190 163
74 39
70 171
460 329
275 106
166 449
156 495
491 352
177 235
347 311
454 55
336 393
161 381
358 429
486 228
228 370
272 357
257 70
187 318
151 9
303 141
404 491
308 50
146 82
280 29
203 104
409 172
128 197
459 101
321 26
60 142
170 78
435 337
268 227
297 347
423 315
326 116
86 84
407 21
20 413
152 409
198 148
305 191
189 428
369 8
393 154
158 216
114 167
202 151
421 219
345 190
171 57
184 202
86 341
6 480
356 306
69 434
416 453
263 481
69 426
330 439
222 382
88 343
40 13
407 102
266 164
91 456
335 105
453 96
167 90
45 176
174 320
311 421
66 249
487 353
99 327
321 22
189 66
350 54
312 92
312 19
475 400
451 125
435 165
445 321
289 411
11 425
111 310
198 441
319 14
69 456
452 171
487 104
101 474
259 290
267 212
186 21
182 245
193 48
231 271
476 390
109 297
50 254
42 38
213 395
7 410
453 150
314 26
280 362
426 91
21 398
124 13
69 217
185 469
205 254
100 293
329 71
210 222
192 332
191 23
150 135
159 276
470 398
180 329
352 459
97 151
226 99
75 199
201 7
244 287
226 215
426 234
61 459
300 148
54 466
327 188
267 340
230 239
305 341
358 310
394 84
437 304
15 289
465 343
361 81
241 399
153 202
439 126
464 102
88 213
372 105
492 255
293 215
336 305
262 222
237 70
32 484
466 448
219 235
109 79
30 354
62 452
198 467
417 333
30 146
173 275
270 337
349 7
495 183
57 497
497 230
212 310
428 396
133 397
256 114
172 180
192 332
446 44
229 135
411 123
58 184
119 136
223 193
63 400
343 497
134 287
322 192
259 24
215 80
81 214
160 9
92 411
103 12
134 22
466 470
54 256
50 411
347 354
61 77
348 114
307 165
466 95
133 77
167 346
297 87
114 142
321 377
159 475
219 377
489 146
248 143
20 164
240 237
44 164
266 266
263 269
132 450
418 57
213 493
267 167
9 225
197 179
281 385
168 335
0 240
71 160
36 199
300 307
405 366
290 250
407 212
412 245
262 408
281 25
431 223
203 50
497 95
25 0
437 2
228 325
177 400
368 292
142 393
191 13
253 27
58 280
439 274
408 59
413 388
471 299
311 423
396 321
103 321
454 497
0 444
294 108
415 218
333 183
266 318
271 442
300 471
318 406
172 185
478 21
1 458
172 164
461 391
113 207
444 247
232 278
144 262
330 180
186 42
309 223
228 474
463 319
225 208
437 192
300 84
127 44
249 13
193 350
144 364
398 232
104 79
72 399
319 417
113 368
162 11
68 253
431 36
199 466
17 303
436 418
336 288
401 141
82 206
269 306
478 189
375 252
402 480
381 400
170 276
498 102
19 289
79 294
437 320
260 309
364 83
73 384
484 217
430 422
392 177
332 161
393 116
177 491
200 400
192 2
389 384
117 141
168 29
237 384
388 284
433 66
494 357
227 266
496 466
154 261
379 393
243 61
282 73
15 201
20 84
303 175
324 352
182 77
294 211
366 245
85 21
354 363
67 268
10 28
48 271
251 468
443 310
289 300
317 361
450 306
463 299
336 72
442 41
414 335
282 70
451 275
143 38
204 83
283 210
159 279
399 10
287 349
219 177
186 188
93 420
281 222
61 33
179 294
65 378
416 169
17 331
207 164
336 244
438 477
41 335
409 377
431 232
102 379
117 498
79 219
328 365
388 269
386 104
343 191
131 236
265 204
162 46
474 207
286 194
360 167
50 88
84 168
142 364
310 26
243 68
39 332
284 453
463 100
442 350
72 296
469 359
151 92
344 254
289 23
274 346
282 68
182 169
277 370
153 236
109 197
246 440
334 219
186 311
243 393
272 99
2 126
490 166
276 390
158 19
383 110
360 264
365 428
117 337
471 261
203 320
274 26
241 189
160 19
306 12
7 233
157 240
197 144
228 450
188 180
241 198
148 447
64 226
313 95
466 73
310 260
386 265
90 84
82 452
106 286
72 231
383 233
345 148
418 261
369 178
441 416
197 403
173 498
222 377
104 17
151 416
403 38
448 323
419 471
123 84
224 359
495 321
8 407
356 260
85 107
187 191
441 380
366 269
204 407
289 239
68 206
254 163
17 217
186 421
404 120
457 2
492 222
245 273
329 33
446 268
80 61
72 236
136 190
91 225
455 302
342 276
40 274
436 401
348 96
88 395
298 329
180 146
320 112
304 489
142 290
338 351
449 415
37 470
248 25
222 222
30 259
114 56
204 165
57 243
56 495
226 223
99 463
356 175
43 479
349 238
484 386
261 54
395 177
213 421
351 200
305 201
228 71
382 89
21 388
176 57
426 378
23 250
150 218
321 346
157 188
103 238
470 164
447 336
87 339
86 292
24 329
429 394
277 244
353 262
262 317
199 234
473 497
293 271
71 159
378 170
391 123
448 41
64 266
132 22
84 341
294 196
196 123
382 324
333 235
314 365
11 161
424 191
338 248
198 180
63 144
336 380
328 349
346 410
470 199
20 388
178 71
62 348
70 126
491 39
249 449
208 63
165 461
460 135
160 11
291 49
101 135
240 35
284 376
419 482
241 267
282 37
53 169
234 141
430 446
286 308
268 308
28 195
395 51
347 31
203 150
476 91
241 190
135 220
4 202
369 265
204 410
400 61
322 419
274 106
68 95
297 495
366 114
458 242
453 441
165 366
159 442
276 194
84 203
40 7
391 37
56 442
268 96
284 114
292 162
265 452
393 345
61 183
144 453
266 359
136 130
497 421
453 181
105 81
273 128
242 27
45 43
158 373
115 466
119 65
431 344
413 258
88 105
350 17
433 95
71 39
51 21
93 463
132 76
189 189
32 23
264 400
227 326
6 488
12 382
92 117
404 435
308 245
382 77
172 129
457 255
382 217
82 316
43 322
208 52
181 289
362 43
99 308
392 480
15 460
264 149
93 455
70 349
91 309
45 334
270 210
369 364
96 238
230 314
104 79
354 283
49 134
110 408
243 416
424 44
26 36
493 331
280 294
181 488
93 217
199 281
162 172
283 340
155 50
234 183
304 344
169 359
417 43
364 438
196 455
368 274
195 133
362 361
319 404
186 162
232 414
8 384
330 292
478 46
195 44
414 351
406 249
217 351
28 49
328 285
461 406
231 410
66 350
347 37
340 277
228 205
274 447
142 481
263 262
155 26
438 484
402 418
448 181
223 314
212 20
483 165
243 244
449 336
34 385
469 421
211 466
343 92
413 77
391 202
148 369
180 76
454 276
143 12
396 357
34 450
183 35
352 430
19 35
82 224
116 114
327 208
74 315
300 51
119 399
319 49
251 426
380 208
473 265
356 93
27 213
34 246
10 279
40 228
499 299
191 158
217 286
297 193
35 119
490 294
325 222
264 121
498 464
12 114
305 138
342 25
49 208
463 102
416 343
461 307
131 386
459 206
90 93
335 238
208 271
269 176
10 422
184 45
91 76
490 203
151 289
175 165
209 362
490 134
443 228
273 480
137 397
303 384
114 98
406 498
439 382
153 75
312 354
310 87
232 146
160 365
62 450
281 271
225 452
14 442
285 73
284 425
167 195
29 193
284 238
358 301
313 393
123 315
217 211
419 74
361 277
330 173
212 298
360 168
315 10
292 306
224 427
273 155
183 429
375 275
447 392
9 235
185 232
318 398
334 128
330 202
120 401
431 416
391 149
154 13
436 359
347 258
194 478
100 479
343 10
41 332
340 45
29 256
113 82
271 81
123 346
211 195
223 208
127 132
12 190
221 60
280 116
291 243
215 321
473 107
312 136
117 474
283 393
165 420
423 455
12 68
200 316
6 145
52 371
242 275
375 286
465 131
275 348
4 187
197 424
72 281
489 31
393 495
20 467
138 347
412 316
199 243
496 59
204 12
25 129
261 279
328 208
296 413
120 256
223 3
166 201
462 108
48 444
85 473
111 475
50 489
416 225
452 243
101 306
140 284
263 7
362 298
178 101
172 389
485 456
147 284
236 397
483 491
91 111
103 366
3 266
283 398
203 229
281 382
453 162
391 318
193 256
192 162
15 248
129 413
40 159
404 336
405 243
249 472
299 95
253 417
498 96
29 459
80 133
164 230
381 139
415 300
409 182
16 189
117 378
281 400
194 65
283 185
62 33
458 422
16 181
70 13
50 128
254 386
57 301
273 33
28 388
146 251
41 349
300 410
81 323
486 366
91 168
303 69
446 7
117 241
126 480
447 64
432 131
9 496
180 120
134 489
464 470
132 24
458 114
203 73
391 322
215 159
378 481
108 410
383 46
279 465
212 325
43 389
71 316
151 170
430 430
45 45
107 316
463 337
32 357
314 106
382 292
449 459
440 11
39 147
119 438
307 230
168 376
374 60
249 268
85 119
95 204
158 60
463 35
241 172
335 445
380 421
280 20
14 46
398 320
131 131
219 74
341 468
48 12
420 329
96 247
28 458
162 366
87 416
458 142
182 448
211 307
345 146
427 435
17 32
142 264
80 432
403 58
137 211
217 405
358 164
401 152
204 29
125 363
414 136
69 258
276 76
7 126
81 89
252 140
371 93
265 420
10 101
243 100
192 324
239 288
487 250
36 488
219 343
442 472
306 264
195 447
329 374
40 379
389 78
339 112
38 6
130 156
10 138
430 81
349 269
181 345
340 253
261 470
191 475
382 152
468 24
90 412
188 185
130 30
496 318
356 2
289 413
71 131
291 491
10 492
460 343
117 123
375 22
420 419
279 67
377 228
190 356
356 230
14 257
65 370
291 67
358 103
208 219
190 29
298 92
413 31
494 175
353 87
178 354
12 330
224 126
167 12
267 148
486 384
278 98
441 143
392 462
254 79
460 233
60 24
366 321
192 2
194 455
434 332
333 295
122 340
309 456
423 303
112 41
324 35
228 352
17 191
45 392
108 269
180 93
25 345
295 275
483 350
80 13
408 407
315 342
258 492
130 265
90 229
375 85
334 214
460 495
326 71
458 227
300 154
156 469
361 251
277 496
309 231
253 203
290 152
27 172
208 435
327 253
385 407
327 317
367 94
79 67
172 406
265 253
98 121
149 432
419 216
469 13
84 100
392 19
102 162
72 480
220 261
353 293
221 13
472 490
93 290
304 476
59 302
264 237
390 199
34 117
216 312
186 35
302 162
453 16
134 362
207 105
321 201
471 51
253 442
207 302
102 487
96 426
495 159
178 162
183 324
231 458
309 332
172 20
348 456
437 81
379 395
158 141
464 396
490 28
172 419
123 438
71 117
493 490
492 438
196 230
106 35
168 22
220 128
100 342
458 431
423 204
333 465
41 395
221 89
260 57
101 155
240 263
63 179
349 302
297 282
165 320
371 84
390 209
477 307
105 123
256 210
267 168
496 498
398 355
248 469
215 336
473 387
275 356
228 118
328 368
395 201
325 296
114 96
216 483
114 2
215 205
449 290
441 161
103 244
7 261
89 363
63 130
152 143
335 280
368 249
368 486
274 420
417 238
287 67
243 408
129 368
387 71
403 307
122 399
128 211
267 265
140 240
358 36
6 474
492 317
141 65
491 326
390 229
71 174
497 204
182 112
28 318
40 493
332 72
405 466
45 432
43 271
184 208
398 249
211 189
479 390
53 429
261 118
238 136
350 80
437 284
21 91
49 323
486 190
37 38
91 11
67 195
89 363
358 50
95 28
70 119
454 479
1 346
284 428
248 477
239 452
419 294
24 137
436 112
233 28
241 296
327 48
142 347
127 109
186 154
403 235
232 389
44 208
0 264
18 187
386 342
156 430
411 95
72 447
171 169
218 426
254 79
109 122
221 457
37 293
8 354
288 329
45 146
494 417
152 234
158 159
89 82
480 139
465 187
16 475
469 37
72 180
2 62
137 181
226 188
162 380
87 351
61 334
93 27
286 198
211 485
249 136
297 335
483 417
252 13
360 314
281 249
88 374
35 258
32 202
115 389
470 316
273 28
347 374
196 227
23 323
286 384
146 314
417 498
366 53
298 353
81 121
100 360
485 5
287 123
349 295
49 271
429 498
68 367
45 137
214 199
309 12
337 440
481 453
131 26
292 88
281 432
2 382
350 255
179 15
242 484
64 138
424 267
96 307
25 28
367 179
438 419
141 469
212 68
198 377
121 363
317 204
234 346
491 187
459 269
246 369
114 345
358 470
175 332
294 69
388 80
337 352
433 154
406 383
378 325
54 278
4 479
194 375
40 98
229 187
126 67
459 175
357 316
294 398
440 215
239 294
216 463
24 412
267 429
493 84
157 174
348 412
436 400
102 448
205 101
171 169
20 33
249 62
157 214
444 364
357 420
308 9
459 292
75 107
476 23
180 426
487 220
461 403
77 374
185 58
387 407
389 219
314 378
12 336
244 430
192 103
303 242
339 421
183 323
414 358
99 45
177 207
429 475
48 404
18 210
444 487
295 207
428 484
413 34
305 255
239 97
3 255
426 2
335 420
77 186
278 111
414 322
120 409
162 358
77 201
160 472
110 302
293 101
447 248
464 30
75 58
113 154
348 256
74 7
489 413
413 183
214 416
199 475
107 262
488 394
328 147
104 283
343 215
401 330
150 91
382 346
38 200
496 479
48 106
367 394
159 488
119 26
314 187
471 148
132 180
57 50
394 195
220 219
231 422
187 310
285 229
14 253
499 319
98 128
466 441
160 287
128 449
474 300
251 138
214 276
382 58
411 167
142 128
348 222
255 67
106 328
145 406
17 84
493 302
252 495
242 193
278 65
145 48
380 228
472 79
451 16
206 240
172 260
288 293
66 413
126 314
3 313
101 234
247 391
484 217
410 181
132 394
317 436
117 253
355 247
469 424
408 119
147 286
389 218
56 408
220 15
217 435
343 368
70 425
64 285
96 115
144 129
365 444
377 329
112 16
272 93
351 148
79 58
445 471
157 337
251 252
127 466
326 26
171 470
278 220
100 402
150 462
413 488
52 3
489 232
126 238
123 249
465 58
429 96
1 253
498 320
221 204
375 266
148 292
158 271
231 493
418 135
357 242
495 249
314 404
263 388
156 265
287 36
239 100
194 254
141 340
14 244
392 478
252 440
140 223
395 294
13 221
124 400
430 385
88 342
81 5
469 66
17 162
265 181
146 209
309 111
123 386
198 360
470 349
318 232
120 224
21 240
18 409
288 136
204 4
209 339
99 268
152 326
293 210
374 89
236 261
252 4
131 264
394 293
202 461
100 481
331 452
65 180
188 427
487 76
211 463
30 185
424 251
128 215
229 135
352 268
108 160
429 257
312 258
66 110
453 290
168 248
17 473
443 94
7 17
32 207
143 38
342 268
154 80
181 341
460 419
292 401
399 142
325 21
206 440
297 216
325 377
20 152
279 377
423 372
269 446
241 42
425 26
255 79
167 478
294 69
86 452
369 348
295 312
320 205
281 295
293 226
4 128
429 302
412 163
392 40
316 81
164 117
104 133
299 287
454 0
28 19
368 112
185 38
327 68
370 204
202 21
108 93
486 480
170 365
176 46
360 266
336 428
90 491
192 285
91 431
284 304
107 370
29 490
154 379
35 447
131 11
328 36
455 481
310 41
257 498
223 228
185 127
23 250
43 285
362 156
135 496
200 341
63 59
453 358
81 150
40 14
494 69
411 238
361 389
60 180
400 185
170 124
348 339
155 447
319 302
481 336
19 69
326 467
360 45
184 240
158 4
5 235
124 115
400 441
12 262
400 131
120 93
256 62
484 293
51 251
414 478
77 163
254 147
367 30
270 277
463 339
161 269
174 340
385 445
170 476
174 415
271 464
137 254
222 390
279 253
308 458
95 435
375 159
170 402
301 318
228 66
457 113
253 412
300 191
449 342
293 318
273 341
460 345
175 422
431 136
108 393
404 464
367 351
25 59
481 377
154 379
479 141
31 162
183 309
214 486
152 114
1 197
315 171
263 8
462 138
211 44
394 22
26 265
238 466
110 315
256 489
262 361
467 94
208 104
124 477
96 251
369 363
223 324
465 142
56 16
425 473
282 306
486 95
7 153
416 205
367 95
450 133
308 280
408 236
440 240
62 72
99 348
213 210
46 323
434 202
28 300
33 17
97 98
316 238
425 57
149 124
270 15
141 274
448 449
254 404
375 354
373 425
222 200
32 2
487 34
128 170
375 358
490 118
499 44
435 219
167 199
420 194
146 443
487 319
222 46
192 493
90 178
55 473
277 99
178 445
25 49
33 239
407 17
468 417
29 485
285 447
201 404
415 483
324 391
38 49
179 317
379 120
52 393
454 95
120 169
239 199
32 140
490 312
214 205
375 78
385 207
156 470
40 97
356 85
254 123
228 152
446 372
279 496
229 393
75 44
420 366
2 217
76 28
495 130
427 414
158 20
465 484
193 11
239 264
436 41
123 119
77 223
427 353
20 18
446 328
238 211
388 210
333 243
154 183
128 108
259 4
234 224
93 34
428 167
434 227
118 30
236 39
495 266
107 34
270 446
490 488
419 433
281 357
26 276
457 490
356 303
196 131
219 121
19 27
13 209
270 173
32 142
135 296
240 390
13 257
164 491
113 187
178 382
434 491
382 109
70 354
233 446
41 88
37 8
425 113
451 14
470 353
148 65
251 212
462 147
253 461
379 425
424 148
230 441
495 432
436 253
39 321
233 374
439 193
312 400
187 394
136 133
106 85
371 476
444 133
391 461
176 417
24 46
262 346
109 99
120 297
498 317
74 460
381 99
280 403
439 338
71 453
42 295
490 88
109 343
307 313
148 162
244 463
476 135
395 439
269 483
46 300
342 128
79 252
392 40
299 239
16 386
311 18
34 332
15 74
6 157
55 494
472 225
236 70
122 307
252 66
251 434
356 259
481 75
116 428
32 490
8 51
177 399
66 373
364 251
384 427
478 167
332 95
225 296
165 470
45 159
188 315
214 359
106 320
431 34
447 399
219 380
268 293
27 258
157 178
367 165
78 327
372 144
15 55
385 395
397 67
100 318
255 258
440 111
237 197
212 440
259 331
495 355
178 479
406 98
331 113
1 165
192 18
345 153
370 228
17 184
107 25
148 198
433 111
95 218
160 200
44 485
401 31
482 126
186 227
157 312
300 306
108 144
294 148
253 281
328 449
341 496
15 144
17 203
363 146
164 275
439 243
454 118
184 95
229 350
321 19
362 119
436 297
385 241
68 125
224 373
314 234
161 41
386 289
271 67
148 279
287 91
111 301
404 79
312 495
331 91
81 101
103 228
4 414
380 165
243 494
354 297
346 351
436 203
295 422
14 239
284 142
224 113
58 450
124 400
453 259
310 16
121 120
433 370
267 397
297 67
90 93
474 212
439 248
212 6
131 340
281 234
232 120
355 162
443 97
314 331
436 59
268 238
62 288
176 34
381 203
191 472
425 168
189 35
2 125
419 113
324 404
149 49
343 7
375 233
271 484
216 223
16 283
430 240
146 381
123 36
163 270
471 312
145 453
340 205
405 326
342 60
120 72
394 15
434 85
173 195
328 414
269 374
378 71
176 415
120 43
72 179
392 452
165 194
421 358
232 187
182 215
153 96
307 174
64 178
247 116
185 359
173 95
148 145
169 475
434 294
81 250
53 24
276 119
421 63
273 317
180 236
257 105
107 73
251 64
211 110
420 278
39 142
483 496
70 187
429 32
55 86
131 274
103 422
416 325
275 342
230 136
499 365
321 486
350 250
98 236
318 480
321 229
143 100
440 487
183 372
126 260
13 334
457 291
494 286
143 336
115 24
399 450
472 378
154 103
144 296
304 477
179 372
208 115
96 0
310 433
175 402
193 325
94 63
320 6
234 479
181 370
180 44
432 458
424 298
36 381
374 250
135 211
52 233
271 491
315 447
401 406
